user_id,predict_label,true_label
100010558,1,1
1000133770,0,0
100157364,0,0
10017157,1,1
10021188,1,1
100248234,1,0
10025,1,1
1002644397,1,1
1002765,1,1
1003318319,1,1
10034592,1,1
1004004,1,1
1004093,1,0
100411578,0,1
10042474,1,1
1004302,1,0
100434920,0,0
1004377,1,1
1004524,0,0
1004965,1,1
100503169,0,0
1005277735,1,1
100594135,1,1
100600199,1,1
10061005,1,1
100636,0,1
1006935,1,1
1007074,1,0
10073874,1,1
1007391,1,1
1007551,1,1
100782,1,1
1007915710,1,1
1007970,1,1
1008009,1,1
1008445,0,0
1008682,0,0
1008809497,1,1
10095440,1,1
100957255,1,1
100958424,1,1
10100133,1,0
1010324,1,1
101041,1,1
101096583,0,0
10112304,1,1
10119885,1,1
1012086,1,1
10125746,0,0
101281730,1,1
10131238,1,1
101355975,1,0
1013729,0,1
1013867,1,1
1013981,1,1
1014126,1,1
1014230,1,1
10146834,1,1
1014699303,1,0
1014995,1,1
101529958,1,0
1015551,1,1
1015713500,1,1
101580342,1,1
101588587,1,0
1015891,1,1
10161180,0,0
10161821,1,1
10168840,1,1
101719016,1,1
101726,1,0
1017516288,1,0
10179427,1,1
1018027,1,0
1018072,1,0
1018422,0,1
101860,1,0
101881,0,0
1019076,1,1
101917674,0,0
10192866,1,0
10195082,1,1
10195472,1,1
1019584695,1,0
10197156,1,1
10197181,1,1
102000397,1,1
10201673,1,1
1020366,1,1
10206931,1,1
1021825471,1,1
10219578,1,1
10221074,1,1
10224616,1,0
10224659,1,1
10224854,1,1
10226877,1,1
1022862,0,0
1023005,1,1
102303122,1,1
1023317,1,1
10237055,1,1
102391223,1,1
1024232,1,1
10242712,1,1
10243163,0,0
10245643,1,1
1024564509,1,1
1024603006,1,1
102473578,1,1
1024768,1,0
10250327,0,0
10255791,1,1
1025713,1,1
102572,1,1
1026259143,1,0
1026864686,1,1
1026914,1,1
102714059,1,1
10272675,1,1
102731,1,1
1027756732,1,1
1027962,1,1
10280036,0,1
1028524,1,1
10285485,1,0
102857505,1,0
102869695,1,0
102875710,0,0
10287677,1,1
102882,1,1
10290406,1,1
102910,1,1
102947209,0,0
1029518,1,1
10297742,1,1
1029842,1,1
10301004,1,1
10301261,1,1
1030295,1,1
103046374,1,1
103062,1,1
10309576,1,1
1031073,1,1
103108489,1,1
1031227,1,1
1031364,1,1
10314011,0,0
103171,1,0
103175305,1,0
103194365,1,1
10321324,1,1
1032167,1,1
10321924,1,1
1032217047,1,0
1032489081,0,0
103250880,1,1
1032508880,1,1
1032718645,1,1
10328058,0,1
1033205,1,1
10332220,1,1
1033356,1,1
1033727,1,1
10338398,1,1
1034176944,1,1
10345169,1,0
103503573,1,1
10352632,1,1
1035410,1,1
1035446026,1,1
103563785,1,0
10357175,1,1
1036063,1,1
1036126,1,1
1037024,1,1
1037159,1,1
103720763,0,0
1037403094,1,1
1037669,1,1
103776045,1,0
103781715,1,1
1038047,1,1
103879919,1,1
1039546008,1,1
1040481,1,1
10404811,1,1
10409790,1,1
1041284,1,1
10413172,1,0
1041357,1,1
10416578,0,0
10420009,1,1
1042012283,0,0
104204316,1,1
1042100,1,1
10427920,1,1
1042838,1,1
1043186838,1,1
10435962,1,1
104387,0,0
104394,0,0
104409692,1,1
104437829,1,0
104446905,1,1
1044511662,1,1
104467654,1,1
104514908,1,1
1045306,1,1
1045429,0,0
10458650,1,1
104642051,1,1
104647238,1,0
104654430,0,1
10466657,1,1
104671,1,1
10467389,1,1
1046943,1,1
10470637,1,1
1047075,1,1
10473055,1,1
104733969,1,1
10473499,0,0
1047496,1,1
10477161,1,1
1047779,1,1
104792795,1,0
10480057,1,1
10480167,1,1
10480666,0,1
1048171311,1,1
1048583,1,0
1048642,1,1
10487390,1,1
10488726,1,1
104896,0,0
1048974,1,1
1049246,1,1
10492974,1,1
104942204,1,1
10497993,1,1
1050036560,1,1
105009189,1,1
1050362205,1,1
1050584,1,1
105072446,1,1
105124322,1,1
1051294272,1,1
10513160,0,0
1051447,1,1
1051542,1,1
10517132,1,1
10520928,1,1
1052183,1,1
1052200,0,0
10522690,1,1
1052290740,0,1
1052854,1,0
105314344,1,1
1053220,1,1
1053241,0,0
105360,0,0
105379,1,1
10540033,1,1
1054042,1,1
10540553,1,1
1054124,1,1
10542408,0,1
10544270,1,1
1054430568,0,0
10545370,1,1
10545449,1,1
1054602254,0,0
10546494,1,0
10549827,1,1
1055280135,1,0
1055361,1,1
1055425,1,1
10555097,1,1
105551234,1,1
10556652,1,1
105575354,1,0
105580,1,1
1055949677,1,1
10561723,1,1
105623712,1,1
10564357,0,0
10568016,0,0
10568301,0,0
1057087,1,1
10571988,1,1
105735076,1,0
10573630,1,1
1057444157,0,0
10575754,0,0
105770850,0,1
10578942,0,0
1058209,1,1
105828692,1,1
1058683,1,1
1058724975,1,1
1058749,0,1
10589237,1,0
10590611,0,0
10594191,1,1
105944514,1,1
1059542040,0,0
106007211,1,1
1060567614,1,1
10606206,1,1
1060636,1,0
1060683986,1,1
10607448,1,1
106075467,1,1
106081,0,0
10609894,1,1
1061025,1,1
10610725,1,1
10613183,1,1
10614814,1,0
10615039,1,1
10616519,0,0
10619140,1,1
1062412,1,1
10624417,0,1
106255,1,1
10625961,1,1
1062792,1,1
1063024,1,1
10636074,1,0
1063618,1,1
10647575,0,1
106487462,1,1
10648837,1,0
10651803,1,1
10652836,0,1
1065346231,1,1
10654254,1,1
1065738,1,1
10661644,1,1
106622342,0,0
106631,0,0
10663137,0,1
106653692,1,1
10666653,1,1
1066945,1,1
1066989192,0,0
10671252,1,0
10671358,1,1
1067207444,1,1
1067292749,1,1
1067429,1,1
10677270,1,1
1067850596,1,0
106788253,0,0
1068123,1,1
106855212,0,1
1068609123,0,0
106865281,1,0
10687595,0,0
1068843,1,1
1069416,1,1
1069677,1,0
106989323,1,1
107019027,0,1
107050992,1,1
107051913,0,0
1070555,1,1
1070686295,1,1
1070820,1,1
1071560138,0,0
10719,1,1
1072043410,1,1
10721882,1,1
107228,1,1
1072503550,1,1
107265404,1,1
10730262,0,1
107330,0,0
107358657,1,1
1073793,1,1
1074649,1,1
10747078,1,1
1074994522,1,1
107568461,1,1
107569007,1,1
107577743,1,1
1075787,1,1
107583113,1,1
107623566,0,0
1076553,1,1
1077874,1,1
107791368,1,1
10779859,1,1
1078120,1,1
1078250,1,1
107857,1,1
1078639,0,0
107873,0,0
1080506,1,1
108114295,1,0
1081404883,1,0
108159652,1,1
1082347,1,1
10825420,1,1
1082624,1,1
108286531,1,1
1082951170,1,1
108302005,0,0
10830934,1,1
108313,1,1
1083197,1,1
108341318,1,1
1084196,1,1
108439589,1,1
10846786,1,1
1085220,1,1
10852491,1,0
108529826,1,0
1085367,1,1
1085388,1,1
10854056,0,0
108565962,1,0
10861385,1,0
108621,1,1
108684796,1,0
1087032,1,1
1087193,1,1
10875652,1,1
108863652,1,1
1088935244,0,0
1089042182,1,0
1089177481,1,0
1089392,1,1
108975325,1,1
1090068323,0,1
10906665,1,1
10915005,1,1
10916117,0,1
1091899,1,1
109259704,1,1
109282015,0,1
1093233444,1,0
1093705,1,1
1093933,1,1
109397513,0,0
10940745,1,1
109414597,1,1
109421867,0,0
109431707,1,1
1094702,1,0
10947735,1,1
1095072,1,1
1095487443,1,1
10956,0,0
109583314,1,1
10961,1,1
1096263,0,0
10963345,1,1
1096405248,1,1
109665909,1,0
1096672,1,1
109673,0,0
1096812,1,1
109727077,1,1
1097758948,1,1
109812836,1,1
1098215686,0,0
1098415,1,1
1098584,1,1
109920358,1,1
1099216,1,1
1099312,1,1
1099516,1,1
1099574,1,1
109959127,1,1
110025652,1,1
110036235,1,1
110069,1,1
1101187500,1,1
110119941,1,1
110125228,1,1
1101337,1,1
1101363,1,1
110154227,1,1
110155136,1,1
1101608,1,1
1102102,1,1
1102174,1,1
11023920,1,1
110258959,1,1
110287282,1,0
1103537770,1,1
11035393,1,0
110355084,0,0
110369781,1,1
110419257,1,1
110433701,1,1
110438702,1,1
1105477558,1,1
110574,1,0
110615355,1,1
110737692,1,1
110738856,1,1
11076001,1,1
110815961,1,1
1108172,1,1
11082491,1,0
110852959,1,1
11088,1,1
110895268,1,1
11090923,0,0
110912,1,1
11091742,1,1
110958705,1,1
110976741,1,1
1110682523,1,1
1110808,1,1
1111010,1,1
1111272696,0,0
111139565,1,1
1111568,1,1
1111786573,1,1
1111893063,1,0
111213314,0,0
111359593,1,0
1113814915,1,0
1113863,1,0
1113968,0,0
11140375,1,1
1114123408,1,1
111457127,1,1
1115960,0,1
11163780,1,1
1116585,1,0
1116918986,1,0
111748852,1,1
111766825,1,1
1117783,1,1
1117922,1,1
1118558702,1,1
111897081,0,0
111945154,1,1
1119976,1,1
112004459,1,1
112010496,1,1
112026104,1,1
1120694,1,1
112113322,1,1
112135953,1,1
112147,1,1
1121583,1,1
112193257,1,1
112209437,0,0
1122239977,1,1
1122282,1,1
112270,1,1
112275713,1,1
112277,1,1
1122985722,0,0
112303194,1,0
1123310,1,1
112360640,1,1
1123645995,1,1
1123759,1,1
112410559,1,1
1124261,1,0
112499608,1,1
1125244,1,1
1125489,1,1
112560892,1,1
112581123,1,0
11264627,1,1
11265294,1,1
11265725,1,1
1126627,0,1
1126695,1,1
1127159,1,1
112721584,1,0
1127634,1,1
1127667667,0,0
112824297,1,1
112853334,1,1
11285824,1,1
11285847,1,0
1128679,1,1
11289535,1,1
112901991,1,1
1129661,1,0
112969251,0,0
11298654,1,0
11302028,1,1
11305462,1,1
113065231,0,0
11306724,1,1
11310157,1,1
1131223,1,0
113127807,1,1
1131746125,1,1
113192198,1,0
1131980,1,1
113213828,0,0
11321817,1,1
11325684,1,1
113259421,0,0
113261390,1,1
1133158,1,1
113317125,1,1
11336629,1,1
1133678,1,1
113380,0,0
11339008,1,1
11339418,0,0
1134352,1,1
1134565,1,0
113468547,0,0
11347,1,1
11347048,1,1
11349145,1,1
11350765,1,1
1135267,1,1
1135285,1,1
11353839,0,0
113554290,0,1
11357262,1,1
11358096,1,1
11363248,1,1
1136461,1,0
1136475993,1,1
11365554,1,1
11365830,1,0
113659275,1,1
1136600,0,0
11366248,1,1
11368473,0,1
1137359279,0,1
1137380,1,1
11375636,1,1
11377027,1,1
11377484,1,1
11377995,0,0
11378774,1,1
11381604,1,0
113818,1,0
11381840,1,1
113830075,1,1
113832939,1,1
1138583,1,1
113865020,1,1
1138869,0,1
1139012243,1,1
11391017,0,0
1139431,1,0
113961398,1,0
113969,1,1
114020171,1,0
11408,1,0
114088849,1,1
1141109,1,1
1141319,1,1
114165593,1,1
114210913,0,1
1142171,1,1
11424502,1,1
114252703,1,1
11425410,1,1
11426247,1,0
11428768,1,1
114310695,1,1
1143378,1,1
1143403,1,1
11435560,1,1
114365,1,0
1143651,0,0
11437925,1,1
11441553,1,1
11443190,1,1
1144320,1,1
11445997,1,1
1144605,1,1
11446923,1,1
1144975,1,1
11450646,1,1
11451866,1,1
11452355,1,1
1145380,1,1
1145412,1,1
1145596,1,1
114583228,1,1
11458487,0,0
11460144,0,0
11462408,1,0
1146313977,1,1
114676,1,1
1146900,1,1
114726802,1,1
1147715,0,0
114794235,1,1
114794311,1,1
11479678,1,0
114816994,1,1
114840826,1,0
11484939,1,1
1148962,1,1
11490920,0,0
11493806,1,1
1149399,1,1
11494889,1,1
11495044,1,1
11496497,0,0
11496556,0,0
114977063,0,1
115004366,0,0
115023,1,1
115049,0,0
11507946,1,1
1151080852,1,0
115127123,1,0
11514476,1,1
115149,0,0
115150813,1,1
11516017,1,1
1151716,1,0
11519159,1,1
11522789,0,1
1153058,0,0
115324651,1,1
11538921,1,1
115393801,1,1
115410510,1,0
115414923,1,1
1154518525,1,0
115454487,0,1
11547152,1,1
1154846,1,1
1154957,1,1
1155209060,1,0
11553594,1,1
115550,1,1
11558027,1,1
11558716,0,1
1155921,1,1
115599712,1,1
11561792,1,1
11562467,1,1
115626789,1,1
115644972,1,0
11565942,1,1
11566060,1,1
115672,1,1
11572290,0,0
11573068,1,1
11576,1,1
11579462,1,1
1158023,1,1
1158252,1,1
11583667,0,0
11584305,0,0
115845994,1,1
1158562,0,0
11588482,1,1
1159178,1,1
11591864,1,1
11592384,0,0
11592537,1,1
11592685,1,1
1159278,1,1
115942526,1,1
11594586,0,0
11598511,1,1
11599575,1,0
116013049,1,1
1160149,1,1
116029673,1,1
11603459,1,1
11605200,1,1
11606419,1,1
1160930,1,1
11609514,1,0
1161074,1,0
11610912,1,1
11616237,0,0
11616980,1,1
11617373,0,0
11618629,0,0
1161892443,0,1
116213,1,0
116218635,1,1
1162272,0,0
11624457,1,1
11627168,1,1
11627197,0,0
11628121,1,1
11630049,1,1
11630440,1,1
11631766,1,0
116341230,0,0
116358,1,1
116390461,0,0
1164017,1,0
116429000,0,1
1164320047,1,1
11645447,1,1
11648440,1,1
1165339,1,1
1165573,1,1
11655860,1,1
11656987,1,1
116579929,1,1
11659614,1,1
116612877,1,1
11664889,1,1
11665747,1,1
116657892,1,1
11668626,1,1
11671914,1,1
1167238286,1,1
11679552,1,1
116809,1,1
11683121,1,0
116855278,1,0
116858165,1,1
11686691,1,1
1168671,1,0
11688331,1,1
116890574,0,0
1169118,1,1
11694524,0,0
116952760,0,1
11697160,1,1
11697798,1,1
11699895,1,1
1169991,1,1
11700538,1,0
1170115,0,0
117030104,1,1
117059316,1,1
117070,1,1
11710062,1,1
1171184,0,0
11712061,1,1
117123325,1,0
11714896,1,1
117172870,1,1
11718494,1,1
11721084,1,1
11721093,1,1
117217408,1,1
11721927,0,1
11722841,0,1
117229840,1,0
11724325,1,1
1172481,1,1
11725191,1,1
1172575,1,1
11726350,1,1
11736739,1,1
117388386,0,0
1173914,1,0
1174254,0,1
1174489,0,1
1175012,1,1
1175406,1,0
117565711,1,1
11756578,0,1
1175795,0,0
117588848,1,1
1176377,1,1
1176412,1,1
1176452,1,1
11766510,1,1
1176940,0,0
1177070,1,0
1177262,1,1
11773314,0,1
117738,0,0
117771573,0,0
1177875320,1,1
11779242,1,1
117811803,1,1
11781326,1,0
117824127,1,1
11783063,1,1
11785,1,1
117860653,1,1
117893415,1,1
11791733,1,1
117924851,1,1
1179460,1,1
1179775,1,1
118016,1,1
118043460,1,0
118187090,1,0
1182028,1,1
118226740,0,1
118231981,1,1
118286,1,0
1183003,1,1
11831804,1,1
1183224,1,0
11833260,1,1
11834412,1,1
118377579,1,1
1183791549,1,1
1183876,1,1
11844619,1,1
118485,1,0
11849755,1,1
11849986,1,0
11850778,0,1
118513808,1,1
118529651,1,0
118535566,1,1
1185400,1,1
11856125,1,1
11874385,1,0
1187630,0,0
118764336,1,1
118832121,0,0
118836940,1,1
11883740,1,1
118877787,1,1
11891728,1,1
118926731,1,1
118970828,1,1
118987,0,0
119010957,0,0
11903514,1,1
119087568,1,1
119115100,1,1
119199,1,1
119242350,1,0
119279420,1,0
1193092,1,1
119343901,1,1
119381082,1,1
1194372,1,1
11943823,1,1
1194627,1,1
119517710,0,0
1195295,1,1
119539,1,1
119592032,1,1
1196089,1,0
119609636,1,1
1196354,1,1
11963598,1,0
1196611,1,1
1196953,0,0
1196973,1,1
1197329,1,1
1197826,1,0
119905945,1,0
120038,1,1
1200608,1,0
12010051,1,1
12011434,1,1
12023368,1,1
120291599,1,1
120305579,0,0
120326663,1,1
1203308,0,0
1203629,1,1
12036315,0,0
120366996,1,1
120406651,1,1
120434864,1,1
120448161,1,0
1205250,0,0
120536,1,1
1205695,0,0
1206483,1,1
1206892,1,1
120690,1,1
120741592,1,1
1207479,1,1
1207938,1,1
1208174,1,1
120842112,1,1
120891368,1,0
120949455,1,1
120957880,1,1
120974,1,1
1209771,1,1
120992624,1,1
121065332,0,0
121075326,1,1
1210963,1,1
1211042,1,1
1212416,0,0
121248,1,1
121252062,1,1
121283876,0,1
12131867,0,0
121329,1,0
121368827,1,1
121375131,1,1
1213839,0,0
1213863,1,1
121445055,1,1
1214592,0,1
1215108,0,0
1215121,1,0
121530552,1,1
121603219,1,0
121611637,0,0
121618699,1,1
1216466,0,1
12167,0,0
121814234,1,1
12186,1,1
121860065,1,1
1219718,1,1
1219930,0,0
122003370,1,1
122027188,0,0
1220801,1,1
1221166,1,1
122144709,0,0
122173056,1,1
122188505,1,1
122288,1,1
1223983,1,1
122453321,0,1
12250787,0,1
12250877,1,1
122523247,0,1
1225243,1,1
1225317,0,0
122554500,1,1
1225674,0,0
1225950,1,1
122613342,1,1
122696489,1,1
122735313,1,1
122744525,1,1
1227741,1,1
122790995,1,1
12281288,0,0
1228490,0,1
1228654,1,1
122870299,1,1
122888570,0,0
1229413,1,1
122950410,1,1
122991360,0,1
123033104,1,1
123036,1,1
123037075,1,1
123050332,0,1
1230589,1,1
1230789,1,1
12313198,1,1
12313715,1,1
1232790,1,1
123279289,1,1
123307506,1,0
12337394,1,1
123382756,0,0
123409746,1,1
1235067,1,1
123514,1,1
1235501,1,1
1235798,1,1
1236089,1,1
12373547,1,1
1237811,1,1
1238528,1,1
1239197,1,1
124115773,1,0
124126,1,1
1241418,1,1
1241820,1,1
124197,1,1
124210724,1,1
1242144,1,0
124230733,0,0
12425114,1,1
12436065,0,0
124366485,1,1
124391,1,1
124410338,1,1
124491,1,1
1245125,0,0
12458632,1,1
124597020,0,0
1246053,0,0
124696,1,1
12470112,1,1
124750,1,1
1247784,1,1
124802,1,1
124806,0,0
12483399,1,1
124923754,0,1
12496649,1,1
1250950,1,1
1250980,1,1
125163071,0,0
125177945,0,0
1251972,1,1
12522536,0,0
1252437,1,1
1253944,1,1
125419777,1,1
12543,1,1
1255127,1,1
1255475,1,1
12556589,0,0
125630,1,1
125635131,0,0
125731567,1,0
125752278,1,1
125785137,1,1
1258726,1,1
1259048,1,0
1259800,1,1
126027336,1,1
126123,1,1
1261279,1,1
126220820,1,1
126473441,0,0
1265330,1,1
126653712,0,0
126720584,1,1
126801,1,1
1268022,1,1
126851056,1,1
126861899,1,1
126869336,1,1
126875233,1,1
1269018,1,1
12692201,0,0
1269411,1,1
126976,1,1
12698705,1,1
127003391,1,1
1271308,1,0
1271693,1,1
12717829,1,1
1273034,0,0
1273570,1,0
1273887,1,0
1274105,1,1
127416036,1,1
127432,1,1
127479050,1,0
12751303,1,1
12752189,0,0
1275222,0,0
12756057,1,1
1275858,1,1
12766260,0,0
127665,1,1
12766971,0,0
12768025,1,1
127707060,1,0
12773159,1,1
12777359,1,0
12778235,1,1
127807,1,0
12782917,1,1
12783511,1,1
12785437,1,1
12787358,1,1
1278978,1,1
1278994,1,1
12790860,1,1
12791654,1,1
1279381,0,0
127978384,1,0
12799131,1,1
12799269,1,1
12805308,1,1
12806142,1,1
12806329,1,0
12807839,1,1
12809212,1,1
12811117,0,1
1281175,1,1
128139271,1,1
12814984,1,1
12816234,1,1
12820229,1,1
128206026,1,1
1282213,1,1
12826075,1,1
12831000,1,1
12833433,1,0
1283375,1,1
1283448,1,1
12840403,1,1
12841966,1,1
12844082,1,1
1284470,1,1
128534318,1,1
128575675,1,1
12858697,0,1
1286398,0,0
128692,1,1
128714516,1,1
1287297,1,1
12873524,1,0
1287797,0,0
12879557,1,1
1287998,1,1
128806778,1,1
12886430,1,1
12890037,1,1
12892032,1,1
12894384,0,1
12894972,1,1
1289667,1,1
1289870,1,1
1290133,1,1
129021835,0,0
12902233,1,1
129029675,1,0
12904192,1,1
12906835,1,1
12909042,1,1
1291328,1,1
1291558,1,1
129182417,1,1
12918968,1,1
129223386,1,1
12923411,0,0
1292890,0,0
129329378,1,0
129403,1,0
12941499,1,1
1294161,1,1
12941750,1,1
1294224,1,1
129425488,1,1
129425529,1,0
1294322,1,1
12947173,0,1
12948,1,1
12949121,1,1
1294947,1,1
1295168,1,0
12952921,1,1
12953283,1,0
12954463,0,0
1295954,1,0
12962562,1,0
1296465,1,1
12966806,1,1
129669960,1,1
12968723,1,1
129724282,0,1
129738332,1,1
129754062,0,1
12976542,0,0
12979106,1,1
12981944,1,1
12982,1,0
129910839,1,1
1299239,1,1
1299268,1,1
1299572,1,1
130017,1,1
1300307,1,1
1300372,1,1
13006558,1,1
1300720,1,1
13008680,1,1
1301111,1,1
130118882,1,1
1301206,1,1
1301452,1,1
13015234,1,1
13015856,1,1
130160,0,0
130200,0,1
1302716,1,1
1302871,1,0
13028728,1,1
1302976,1,1
130340631,1,1
1303513,1,1
130354257,1,1
13036211,1,1
13040109,1,0
13047025,1,1
1304755,1,1
130502417,1,1
1305139,1,1
1305170,1,1
130527,0,1
130529953,0,1
1305347,0,1
1305428,1,0
13055740,1,1
1305868,1,1
13058940,1,1
13059903,1,1
13060079,1,1
130632,1,1
1306362,0,0
13068863,0,0
1307345,1,1
1307595,0,0
1307824,0,0
1307993,1,1
1308243,1,1
1308351,1,1
130856225,1,0
130875656,1,0
13087909,1,1
1309157,1,1
1309181,0,0
13092223,0,0
1309475,1,1
13096759,1,0
130976,0,1
13099537,0,0
13100837,1,1
1310204,1,1
1310307,1,1
131040375,1,1
131042982,1,1
1310448,1,1
13106798,0,0
1310935,0,0
1312046,1,1
131247669,1,1
1312547,1,1
131259597,0,0
13133790,1,0
131367256,1,1
131377340,1,1
13139325,1,1
1314134,1,1
1314425,1,1
13146399,1,1
13148016,1,0
13152522,1,1
13153461,1,1
131535930,1,1
1315446,1,1
13157095,1,1
131571725,1,1
1316149,1,1
131617,1,1
131641891,1,1
13166624,1,1
131689891,1,1
13169475,1,1
13170687,1,1
1317615,1,1
13179122,1,1
131797344,1,0
13181164,1,1
13185768,1,1
13187393,1,1
13192849,1,1
13194476,1,1
1319755,1,1
13198596,1,1
13199280,1,1
13201652,1,1
13205645,1,1
132075930,1,1
13208253,1,1
13213316,0,0
1321462,1,0
13216908,0,0
132175647,0,0
1321787,0,0
13223587,1,0
13225666,1,1
132265056,1,1
13228060,1,1
132286477,0,0
132313,1,1
13232,0,1
132333740,1,1
13233745,1,0
13234488,1,1
132369673,0,1
13237436,1,1
1323780,1,1
132383520,1,0
13238559,0,0
13240060,0,0
13246276,1,1
132506,0,1
1325905,1,1
132606423,1,1
13268,1,1
1327254,1,1
132760441,1,1
13278846,1,1
13280989,0,0
13281519,0,0
1328222,1,1
13283704,1,1
132846259,1,1
1328549,1,0
13287057,1,1
13294013,1,1
132950,0,0
1329583,1,1
13296578,1,1
1329946,1,1
132999216,1,1
13299953,1,0
133024,1,1
13302474,1,1
1330615,1,1
13306159,1,1
13306785,1,1
1330991,1,1
1331391,1,1
13314637,1,1
133232093,1,0
1332957,1,1
13330040,1,1
13331684,1,0
13334702,0,0
13336785,1,1
13343939,1,1
1334405,0,1
13345891,1,1
133512231,1,1
1335539,1,1
13357984,1,1
1336178,1,1
1336588,0,1
133663911,0,0
1337488,1,1
133753,0,0
13375927,1,1
1337784,1,1
13380239,1,1
133809214,0,0
1338229,1,1
1338359,1,1
1338665,0,0
13388211,1,1
1338998,1,1
13390817,1,1
13395198,0,0
13395705,1,0
13399985,1,0
13402073,1,1
13403209,1,1
13403976,0,0
13404656,0,0
13411332,1,1
13411558,0,0
134140,1,1
1341787,1,0
13419242,1,1
1342013,1,1
1342313,1,1
1342477,1,1
1342663,1,1
13427172,0,0
13429221,1,1
134304610,1,1
13431781,1,1
13432681,0,0
13433436,1,0
1343453,1,1
13437361,1,1
13441041,1,1
13441937,0,0
13444278,1,1
13446236,1,1
1345081,1,1
13451890,1,1
13455519,1,1
13458939,1,1
13459018,1,1
13459442,1,1
13462592,1,1
1346341,1,1
134646011,0,0
13465626,1,1
13474253,1,1
13477949,1,1
13482635,1,0
13483,1,0
134889495,1,0
1348954,1,1
134906572,0,0
1349300,1,1
1349357,1,1
1349373,1,1
134968,1,1
13499869,1,1
13500853,0,1
13506764,1,1
1350682,1,1
13511905,1,1
1351211,1,1
135147,1,1
1351947,1,1
135218,1,1
13522781,1,1
135237093,0,0
13527948,0,0
13529260,1,1
13530462,1,1
1353221,1,1
13535090,0,0
13539186,1,0
1354889,1,1
135579845,1,0
1356058,1,1
1356391,1,1
1356558,1,1
135660,1,1
13566528,1,0
13568565,1,1
1357129,1,1
13576066,0,1
13576656,1,0
135799643,1,1
1358024,1,1
135807413,1,1
135822,1,1
1358380,1,1
13586461,1,1
13590319,0,0
135926064,1,0
13595314,1,1
135986,1,1
1359982,1,1
1360321,1,1
136036784,1,0
13608127,1,1
136096547,1,1
13610116,1,1
136104738,1,1
13613198,1,0
136140,1,1
1361565,1,1
13617232,1,1
13619010,1,1
13619916,1,1
13622988,1,1
1362336,1,1
13629899,1,1
13630193,1,1
1363128,1,1
136321,1,1
1363217,0,1
1363562,1,1
13637506,0,0
13639063,1,1
1364151,1,1
136430260,0,0
1364396,1,0
1364421,1,1
13649503,1,1
1365025,1,0
1365122,1,1
13651776,1,1
13654411,1,1
13656389,1,1
136570327,1,1
13657139,1,1
1365804,1,0
13658643,1,1
13660424,1,1
13665309,1,0
13665435,1,1
1366576,1,1
136667846,1,1
13667802,1,1
136685399,0,1
1366876,1,0
136714,0,0
13672722,1,1
136737788,1,1
1367473,1,1
13675503,1,1
136797877,1,1
1368287,1,1
13685140,1,1
13685347,1,0
13687261,1,1
13691096,1,1
13697465,1,1
13699735,1,1
137026420,1,1
137121,0,0
13713971,1,1
13714488,1,0
1371699,1,1
1371716,1,1
13717385,1,1
137191,1,1
13725365,0,1
1372553,1,1
13730456,1,1
13730481,1,1
13730484,1,1
13730579,1,1
1373523,1,1
13736050,1,1
137383,1,1
13742202,1,1
1374321,1,1
13743527,1,0
13744602,0,0
13745,1,1
13747003,1,1
1375275,1,1
13753558,1,1
13754303,0,1
1376437,0,0
137664,0,0
137692209,1,1
13769628,1,1
1377491,1,1
13776168,1,1
1377744,1,1
13777783,1,1
13777808,1,1
13779048,1,1
1378971,1,1
13798383,1,1
13800737,0,0
13801496,1,0
138050,1,1
13805389,1,1
1380555,1,1
1380602,1,1
1380612,0,0
13806292,1,1
13806520,1,1
138076301,1,0
13808978,1,1
13809530,0,0
138118549,0,0
13812440,1,1
13812501,1,1
13812616,1,1
13813178,0,0
138161,1,1
13816442,1,0
13820385,1,1
1382338,1,1
138252,1,1
13826054,1,1
13826309,1,1
138269074,1,1
13827947,1,1
13829640,1,1
13830005,1,1
138316617,0,0
13832055,1,1
13834105,1,1
13835786,1,1
138378134,1,1
138391512,0,0
13839247,1,1
13840356,1,1
13841040,1,1
13843840,1,1
13846820,1,0
13846967,1,1
13847294,1,0
13847624,1,1
13849546,1,0
1385121,1,0
1385465,0,0
13855135,1,1
1385602,1,1
13858396,1,1
13858716,1,1
13859349,1,1
13863574,1,1
13863795,1,0
138649,1,0
1386686,0,1
13867226,0,1
138677068,0,0
138678,1,0
138678983,1,1
13874622,1,1
1387555,0,1
13876008,1,1
1387606,1,1
13876143,1,1
13877421,1,1
13879419,0,0
138838330,1,1
13884042,1,1
138842546,0,1
1388726,1,1
1388847,1,1
1389097,1,1
138954343,1,1
138966601,1,1
1390027,1,1
1390087,0,0
1390088,1,1
1390660,1,1
13907943,1,1
13909554,1,1
13909848,0,0
13910562,1,0
13913626,1,1
13914118,1,0
13916479,1,1
139177151,1,1
13917964,1,0
1391813,1,1
139204260,1,1
13921167,0,1
13921706,1,1
13927270,0,0
13930343,1,1
13932827,0,0
13937640,1,1
1394249,1,1
13944111,0,0
13949337,1,1
13949981,1,1
139503,1,1
13951327,1,1
13952402,1,0
13954470,0,1
13954802,1,1
13954974,1,1
13955608,0,0
13966614,0,1
13972555,1,0
1397355,1,1
139754797,1,1
139775184,1,1
13980701,1,0
13981890,0,1
13983293,1,1
1398600,0,1
1399165,1,1
13993235,1,0
140058553,1,1
14006877,1,1
1400777,1,1
14008962,1,1
14014772,1,0
14015888,1,1
1401842,0,0
14018793,0,0
14019501,1,1
14020251,1,1
140219896,1,1
14023383,1,1
14024577,1,1
1402907,1,1
14032041,1,1
140323009,0,0
14032936,1,1
14034969,1,1
14035122,1,0
14035528,1,0
14037598,1,1
14038931,0,0
1403971,1,1
14043507,1,1
14049430,1,0
14050068,1,1
14050646,1,0
14051404,1,1
14051423,1,1
14051862,1,1
14053795,1,1
14055061,1,1
14057667,1,1
140596179,1,1
140639086,1,1
140646,1,1
1406522,1,1
140672624,1,1
14067281,0,0
14072033,1,1
140820051,0,0
14082636,1,1
140891374,0,1
14091240,1,1
1409325,1,0
140941205,1,1
14095081,1,1
14095567,1,0
14097974,1,1
1410052,1,0
1410185,1,1
14102430,0,0
14104472,1,1
14105236,1,0
141056,1,1
141082488,1,1
1410969,0,1
14109998,1,1
14110346,1,1
14116853,0,0
14117545,1,1
14117577,1,1
1411875,1,1
141198,1,1
14122449,0,0
1412548,1,1
141303419,1,1
14132908,1,1
14134358,1,1
14136839,1,1
141379424,0,0
14139495,1,1
141411925,1,0
1414349,1,1
14150197,1,1
14153953,1,1
1415471,1,1
141559,0,0
14161100,0,0
14161692,1,1
1416419,1,1
141672860,1,1
14168970,1,1
14172284,1,1
1417249,1,0
14176044,1,1
14176183,1,1
14177236,1,0
1417821,1,1
1417840,0,1
14179813,1,1
1418137,1,1
14183058,1,1
14185268,1,1
1418642,1,1
14187714,1,1
141904952,1,1
1419144,1,1
141973985,1,0
141980535,1,1
14198065,1,1
14198114,1,1
14199869,0,1
142087918,1,1
142090,1,1
14212999,1,1
1421423,1,1
14216648,1,1
1421973,0,1
142228655,1,1
1422556,1,1
142318864,1,1
1423196,1,1
142324507,1,1
14235634,1,0
14236914,1,1
14237,1,1
1423711,1,1
1423831,0,0
1423896,1,0
14239084,0,0
14239703,1,0
1424451,0,0
142517,1,1
142570,1,1
14258408,1,1
14259468,1,1
14260031,1,1
1426295,1,0
142654774,1,1
14266,1,0
14271,1,0
14276708,1,1
1427692,0,0
14278566,1,0
14280148,1,0
142810,1,1
1428162,1,0
14281674,0,0
14283040,1,1
14283971,1,1
14285300,1,1
142876894,1,0
1428885,0,1
14289161,1,1
142908975,1,1
14291131,0,0
14294626,1,1
14296512,0,0
14297271,1,1
14299850,1,1
14302473,0,0
14304494,1,0
14305035,1,1
143061,1,1
1430696,1,1
14308316,1,1
14309948,0,1
14317759,1,1
14318404,0,0
14319284,1,1
143203,1,1
14325031,1,1
1432588,0,0
143268383,1,1
143280671,1,1
14328119,0,1
14329160,1,1
14331503,1,1
14331985,1,1
14332095,1,1
143336254,1,1
143337806,1,1
143355324,1,1
14335634,1,1
14335729,1,1
14338940,1,1
143405532,1,1
14340872,1,0
14341674,0,1
1434389,1,1
14345841,1,0
1434828,1,1
14348434,1,0
14348461,1,1
14348679,1,1
14349399,1,1
1434993,1,1
1435064,1,1
14351887,1,1
14355802,1,1
14357448,1,1
14363130,0,0
14367208,1,0
143674833,1,1
14368115,1,1
14369616,1,0
1437179,1,1
14371814,1,1
1437545,0,1
1437565,1,0
14379634,1,1
14380311,1,1
143809,1,1
14381506,1,0
14383137,1,1
14387283,1,1
1438753,1,1
143880,0,1
1438851,1,1
1438948,1,0
143896424,1,1
14389650,1,1
14392846,1,1
14395004,1,1
14395390,1,1
14396686,0,0
1440178,1,1
14402110,1,1
14403913,0,0
1440579,1,0
1440631,1,1
14407250,1,0
1440844,0,0
1441566,1,1
14415954,1,1
1441644,1,1
14418798,1,1
1442093,1,1
14421738,1,1
14426221,1,1
14428795,1,0
1442900,0,0
1442949,1,0
14430018,1,1
14430380,1,1
14434990,1,1
14436424,1,1
14437896,1,1
1444469,1,1
14445824,1,1
14446966,1,1
14448245,1,1
14449608,1,1
14451976,1,1
14453874,0,0
144567880,1,1
14458647,1,0
14460226,1,1
14460249,1,1
14463413,1,1
144642,1,1
144657361,1,1
14468708,1,1
14469392,1,0
1446973,1,0
1447041,1,1
14472650,0,0
14473035,1,1
14478390,1,1
14481867,1,1
14481937,1,1
14482126,1,1
14482938,1,1
14484158,1,0
14486892,1,1
144888,1,1
14495724,1,1
14496496,1,0
14498659,1,1
14498934,1,1
14499190,0,0
14501159,1,1
14501418,0,1
14503654,1,1
1450414,1,1
14507471,1,0
1450966,1,0
1451179,1,1
1451281,1,1
1451495,1,1
14516481,1,0
14517158,1,1
14517976,1,1
145185,1,0
14520456,1,1
14526310,1,1
14528323,1,1
14528611,1,1
14533295,1,1
14536286,1,0
145381,0,0
1453997,1,1
14541747,1,0
14542759,1,0
145459330,0,1
14548319,1,1
14548984,1,1
14549401,1,1
14549948,0,1
14551025,1,1
145541719,1,1
145543,0,0
14555866,1,1
14557423,1,1
14560361,1,1
14563081,1,0
14564096,1,1
14566725,1,1
14568970,1,1
1457249,1,1
14574107,1,1
1458128,1,0
1458336,0,1
14583899,1,1
1459047,1,1
1459164,0,0
14593995,1,1
1460429,1,1
146064353,1,1
14608955,1,1
14609928,1,1
14610292,1,1
14612553,0,0
1461670,0,1
14619416,1,1
14628928,1,1
14631862,1,1
146324867,1,1
146333850,1,1
146339411,1,1
1463398,1,1
14634873,1,0
14636176,1,0
14637732,0,0
14638254,1,1
14641900,1,1
1464942,1,1
14649825,1,0
14651790,1,1
14652239,1,1
146527284,1,1
146549,1,1
14656944,0,1
14658356,0,1
1465895,1,1
14660855,1,1
14661832,1,0
14663360,1,0
14664844,1,1
14664983,1,1
146652788,0,1
14666933,1,1
14668195,1,0
14668358,1,1
14671202,1,1
14673043,1,0
14674607,1,1
14676179,1,1
1467752,1,1
146792,1,1
14681158,1,1
1468137,1,1
14682597,1,1
14685716,1,1
14685769,0,0
1468854,1,0
14689407,1,1
14690528,1,1
14693448,1,0
14694624,0,0
14696400,1,1
14696504,0,0
14697265,1,1
1469766,1,1
14699970,1,1
14702275,0,1
14706713,1,1
147076540,0,0
14709043,1,0
14715436,0,0
147185269,1,1
1472189,1,1
14722276,1,1
14722440,1,1
14723138,1,0
14725334,1,1
14729842,1,1
1473180,1,1
1473416,1,1
14737734,1,1
14738681,1,1
1474275,1,1
14747548,1,0
14749435,1,1
14756048,1,1
14756566,1,1
1475681,1,1
14760105,1,0
14763627,0,0
14764346,1,1
14771729,1,1
14775234,1,1
147793905,0,0
14780626,1,1
14787226,0,0
14793762,1,1
14801075,1,1
1480135,0,1
14802307,1,1
148035134,1,1
14803663,1,1
14806386,0,0
14816188,1,1
1482132,1,1
14825111,1,1
14825575,1,1
14830818,1,1
1483083,0,1
14832921,0,0
14838780,1,1
14840024,0,0
148481937,1,1
1485397,1,1
14854039,1,1
14855264,1,1
14861111,1,1
14865228,1,1
14867288,1,1
14868641,1,1
14868716,1,1
148692,1,1
14870569,1,1
1487171,1,1
1487467,1,1
148856879,0,1
1488675,0,0
14888887,1,0
1489065,1,1
14890861,0,0
14892271,0,0
14892583,0,1
14903805,1,0
14917802,1,1
14919535,1,0
149225335,1,1
14924831,1,1
14925710,1,1
14926336,1,0
1493476,1,1
14936395,1,1
14938347,0,0
14953360,1,1
14953374,1,1
14954437,1,1
14958276,1,1
14959207,1,1
14959685,0,1
14962448,1,1
14964398,1,0
1496656,1,1
14968476,1,0
14972746,0,1
1497313,1,0
14979860,1,1
1498451,0,1
1498752,1,0
14987840,1,1
1498845,1,1
14989187,1,0
14990448,1,1
14992858,1,1
14999960,1,1
15000195,1,1
15017328,1,1
15018733,1,1
150216657,0,0
15022751,1,1
15026336,1,1
15033312,1,1
15037896,1,1
1503959,1,0
150416824,1,1
1505982,1,1
1506581,1,1
150766277,1,1
15086692,1,1
15087347,0,0
15094598,1,1
15097260,1,1
15097806,0,1
15101870,0,1
1510606,1,1
15106221,1,1
1512930,1,1
1513277,1,1
15132975,1,1
15138647,1,1
15141820,1,1
1514292,1,0
15145268,1,1
15145897,1,1
15148492,1,1
15148740,1,1
1516012,0,0
15163710,1,1
15166638,1,1
15167,1,1
15169195,0,1
15176218,1,1
1517728,1,1
1517867,0,0
151812062,1,0
1518486,1,1
15191290,1,1
15193063,1,1
1519613,1,1
15198371,0,0
151987431,1,1
152046455,1,1
152057601,0,0
1521129,1,1
1521681,1,1
15218173,1,1
15219935,1,1
15224224,1,1
15240665,1,1
1524106,1,0
1524733,1,1
15256233,1,1
15258308,1,1
15263637,0,0
15263925,1,1
152679250,1,1
15269040,1,1
1527155,0,0
1527163,0,0
152716650,1,0
15277211,0,0
1527774,1,1
1527835,1,1
152797,1,1
15279953,1,1
15280390,1,1
152809,0,0
15281027,1,1
15286176,1,0
15286198,1,1
1528703,1,1
15297277,1,1
1530140,1,1
153023,1,1
15307419,1,1
15311784,1,1
153126531,1,1
15319544,0,0
15330342,1,1
153314,1,1
15332152,0,0
15333127,1,1
15337822,0,1
15338011,1,1
15341139,1,0
15347105,0,0
153473160,1,1
1534830,0,0
153489878,1,1
15349946,1,1
15358949,1,1
15364231,1,1
15366947,1,1
15367479,1,1
15370168,1,1
15371294,1,1
15375660,1,1
15376235,1,1
15379025,1,1
15380122,1,1
15382970,1,1
153965361,1,1
15407415,1,1
15411796,1,1
15416,1,0
1542728,1,1
15429396,1,1
15429992,1,1
1543490,1,1
15437135,1,1
154394,1,1
154399,1,1
15445390,0,0
15446080,1,1
15454862,0,0
15459959,0,0
1546377,1,1
154642969,1,0
1546612,1,1
15470977,1,1
15471551,1,1
15472872,0,0
15478310,0,0
15487069,1,1
1548711,1,1
15489,1,1
1549929,1,1
155025,1,1
155028,1,0
155032307,1,0
1550670,1,1
15506807,1,1
155143605,1,1
1551568,1,1
1551683,1,1
15521793,1,1
1552390,1,0
15526925,1,1
1553482,0,0
155353009,1,1
15538357,1,1
155400,1,1
1554405,1,1
15544380,1,1
155445688,1,0
15551655,1,1
15555717,1,1
15556552,1,1
155586641,1,1
15558733,1,1
15559422,1,1
155764,1,1
15578275,1,0
1557880,1,0
15581464,1,1
15582434,0,1
15584987,0,0
15585874,1,1
15586583,1,0
1560051,1,1
15602544,1,1
1560347,0,0
15603500,1,1
15604416,1,1
156052401,1,1
1560607,1,0
1560683,1,1
15607366,1,1
15607948,1,1
1560992,1,1
15611705,1,1
1561659,0,0
15622583,1,1
1562315,1,1
15623792,1,1
1562662,1,1
1562807,1,1
1563149,1,1
156325063,1,1
1563284,1,1
15633730,1,1
1563763,1,0
156415872,0,0
1564191,1,1
1565675,1,1
15658061,1,1
1565933,1,1
15663721,1,1
15670604,1,0
15670717,0,0
156812,0,0
15685060,1,0
156865,1,1
15697982,1,1
1569804,1,1
1570258,1,1
15704374,1,1
1570617,1,1
157100163,0,0
15714454,1,1
15715701,1,1
1571652,1,1
15723590,0,0
15731101,1,1
15731381,1,1
157351160,1,1
15736612,1,0
15747633,1,1
15754230,1,1
157560750,1,1
1575753,1,1
15759515,1,1
1577325,1,1
1577431,1,1
15778711,1,1
1577995,1,0
15788160,1,1
157883,1,1
1579009,1,1
157950953,1,1
15796398,0,0
15800246,0,0
15804165,1,1
1580532,1,1
1580636,0,0
15806842,1,1
15811161,1,1
1581159,1,1
1581429,1,1
1581634,1,1
1581927,1,0
158271508,1,1
1582860,1,1
158293,1,1
15829383,1,1
15833041,1,1
15834462,1,1
15843992,1,1
1585119,1,1
15853703,1,1
15859443,1,1
15860847,0,0
1586722,1,1
15867238,1,1
15872,1,0
15882363,1,1
15888239,1,1
15901668,0,0
15902576,0,0
15902689,0,0
15904497,1,1
15904902,1,1
15906819,1,1
15913093,1,1
15917594,1,1
159186,1,1
15924152,1,1
1592662,1,0
15928979,1,1
159361760,1,1
15941508,1,1
15942847,1,1
15945244,1,1
15956699,1,1
15961899,0,0
15962848,1,1
15969490,1,1
15970010,1,0
159735,0,1
15977,1,1
15988849,1,1
15992385,1,1
15997394,1,1
160017762,1,1
1600390,1,1
16007794,1,1
16008560,1,1
16015583,1,1
16016112,0,0
16018,1,1
16025349,0,1
16025810,1,1
16028735,1,1
16030401,1,0
16030791,1,1
16035112,1,1
16040234,0,0
160421,1,1
16045713,1,0
160534193,0,1
16056063,1,1
16061543,1,1
16074655,1,1
16076285,1,1
160806166,1,1
16087758,1,1
16096089,1,0
16098210,1,1
16104857,1,1
16105196,1,1
16107742,1,1
1610983,0,0
1612268,1,1
161437851,1,1
161642050,0,0
161736,1,1
16190033,1,1
162292,1,1
16229928,1,1
162385764,1,1
1623905,1,1
162721862,1,1
1630370,1,1
163106536,1,1
1632907,1,1
163531552,1,1
1637490,1,1
1638295,1,1
1638535,1,1
1639535,1,1
1642366,1,1
1644552,0,1
164520938,1,1
1645297,1,1
1646168,1,1
164748,1,1
164752440,1,1
1647587,1,1
164785646,0,0
165029544,1,0
16505075,1,1
1651312,1,1
16518087,1,1
16518374,1,1
165232225,1,1
16537611,1,0
16537715,1,1
1654219,1,1
165432,1,1
165435,1,0
16546991,0,1
16552386,1,1
16552686,1,1
16561815,1,1
165680,1,1
16577280,1,1
16581537,1,1
1658365,1,1
1661202,1,1
1663732,1,1
166477,1,1
1664913,0,0
1665367,1,1
1667014,1,1
1667519,1,1
166831,1,1
1670237,1,1
167028,1,1
1670298,1,1
1670364,1,1
167100426,1,1
1671513,1,1
167159969,1,1
1674896,1,1
1676964,1,1
167711092,1,1
167751969,1,0
1677590,1,1
167839549,0,1
16826613,1,1
1684005,1,1
1684020,1,1
1684360,1,1
1685119,1,1
1685638,1,1
1685715,1,1
1685766,1,0
16860212,0,0
16865891,1,0
168725503,1,1
1687782,1,1
1689617,0,1
16911931,1,1
16918622,1,1
169300,1,0
1694562,1,1
16947210,1,1
16952098,1,1
16952231,1,1
1696377,1,1
1697197,1,1
1697386,1,1
16976139,1,1
1698176,1,1
1698872,1,1
1699094,1,1
16996776,1,1
16997408,1,1
17004474,0,0
1700953,1,1
17015571,1,1
17022932,1,1
17028930,1,1
17037029,1,1
17045127,1,0
17045894,1,1
17055165,1,1
17059291,0,0
170793,1,1
17083662,1,0
1708504,1,1
170912868,0,0
17099453,0,1
1710362,1,0
17105253,1,0
17108918,0,1
171193044,1,0
171226243,0,0
1713414,1,1
1713599,1,1
1713626,1,1
1714835,1,1
17157227,1,1
17167501,1,1
1716801,1,1
1716806,1,1
1716989,1,0
17174078,0,0
17175001,1,1
17176667,0,1
1717813,1,0
171838400,1,1
17190361,0,1
1719450,1,0
171946320,0,0
17194798,1,1
1720214,1,1
172194389,1,0
17219862,1,1
17243900,0,0
172519672,1,0
172527466,0,1
17254077,1,1
1725801,1,1
172589847,0,1
1726052,1,1
17261548,0,0
172660824,1,1
17267594,1,0
172704651,0,0
17278762,1,0
17281387,1,1
1728984,1,1
17297230,1,1
1730298,1,1
17304155,1,1
1730417,1,1
1732096,1,1
17329064,1,1
1733660,1,1
173410081,1,0
173412205,1,0
173475961,1,1
17355436,0,0
17360339,0,0
173633,1,1
17364141,0,0
17377508,1,1
173776350,1,1
17383721,0,0
1738689,0,0
1738953,0,0
173929278,0,1
17394040,1,1
17394750,1,1
17399721,1,1
1740278,1,0
17406476,1,1
174212,1,1
174236890,0,0
1742557,1,1
17432494,1,0
174471,1,1
17450,1,1
174501683,0,0
174582634,1,1
174624098,1,0
1746520,1,1
17468004,0,0
1746899,1,1
17471693,1,1
17472117,0,0
17481231,1,0
17485322,1,0
17486415,1,1
17489265,1,1
17494919,1,0
17497646,1,1
17498953,0,0
17499499,0,1
175014,1,0
17512617,1,1
17516202,1,0
17524481,1,1
175293635,1,1
17538433,1,1
17539476,1,1
175482456,1,0
17550628,1,1
1755259,1,1
1755341,1,1
17554381,1,1
175595552,1,1
1756243,1,1
1756798,0,0
17569,1,1
175733956,1,1
17574,1,1
1757415,1,1
17575116,1,1
1757666,0,0
175822463,1,1
175860,1,1
17588401,1,1
1759308,1,0
17594203,1,1
1760367,1,1
17608764,1,1
176122066,1,0
17613194,0,1
1761579,1,1
1761886,1,1
176211298,1,1
17636522,1,0
17638919,1,1
17640695,1,0
17641764,1,1
17642712,1,1
17647503,0,0
17648015,1,0
176552559,0,0
17668495,1,1
1767082,1,1
17677497,1,0
1768855,1,0
17694597,1,1
17696564,1,0
177051076,0,0
17706526,1,1
17707340,1,0
17712977,1,1
17719344,1,1
1772320,1,0
17735468,1,1
17741572,1,1
17746378,0,0
17747680,1,1
17748,1,1
17748558,1,1
177534,1,1
17759155,1,1
17759418,1,1
177606404,1,1
17760819,1,1
17765546,0,1
17773700,1,1
17793282,1,1
17799827,1,1
178002058,1,1
178060628,1,0
17808822,1,1
17816235,1,1
17816576,1,0
1781673,1,1
178172836,1,1
17820042,1,1
178256241,1,1
17825627,1,0
17827535,1,1
1782938,1,1
1784143,1,1
1784170,1,1
1784782,1,1
17853014,1,0
17853400,1,1
1786514,1,1
17865732,1,1
17869422,1,1
1786973,1,0
17873046,1,1
17874921,0,1
17876801,0,0
17884358,1,1
17890030,1,0
178950219,1,1
178955,1,1
1790065,1,1
17905196,1,1
1790606,1,1
1790786,1,1
1791287,1,1
179158058,1,0
1791627,1,0
17916639,1,0
1791786,0,0
1791937,1,1
1792771,0,1
179296614,1,1
17931008,1,1
17936618,1,1
17941484,0,1
17941768,1,1
1794219,1,1
179472636,0,1
1794998,0,0
17953297,1,1
17953411,1,1
17956627,1,1
1795719,1,1
17958800,1,1
1795950,0,1
179649253,0,1
1796582,0,0
179664604,1,1
17974318,0,0
17977907,1,1
179815082,0,1
1798201,1,1
1798410,0,0
17986582,1,1
17990821,1,1
17998340,1,1
1800207,1,1
1800247,1,1
18004100,1,0
180087019,1,1
18009446,0,0
18010125,0,0
18011013,1,1
18012809,1,1
18012917,0,0
1801507,1,1
18018695,1,1
180189477,1,1
1802183,1,1
180224264,0,0
18026719,1,1
1802946,1,1
1803279,1,0
1803286,1,1
180365276,1,0
18040350,0,0
1804290,1,1
1804566,1,1
18047588,1,1
18050748,1,1
18050947,1,1
18051803,1,0
18052495,1,1
18054435,1,1
1805998,1,1
1806141,1,1
180624774,0,0
18063202,1,1
1806372,1,1
1806681,1,1
1806716,1,0
180768,1,1
18077700,1,1
180781056,1,1
1808115,1,1
1808207,0,1
180843,1,1
18084427,1,1
18088642,0,1
18096389,1,1
1809736,1,1
18097651,1,1
18100958,1,1
18103249,0,0
18109774,1,1
18110320,1,1
181103253,1,1
1811177,1,0
18115425,0,0
1811708,1,1
18118765,1,1
181193,1,0
18119826,1,1
18122094,1,1
18126170,1,1
18134446,1,1
181478644,1,1
1815280,1,1
18153778,1,0
18156375,1,1
18158254,1,1
18163825,1,1
181663,0,0
1816757,1,1
181809,0,0
18186918,0,0
18197240,1,1
182011455,1,1
18214006,0,0
1821555,1,1
1822740,1,1
1822788,1,1
182279705,1,1
1823312,1,1
1823375,1,1
1823999,1,1
1824174,1,1
182520,0,0
182537944,1,1
182549185,1,1
182587990,1,1
18259760,1,0
1826073,1,0
182635423,1,0
1826521,1,1
18266395,1,1
1827041,0,0
18270605,1,1
18271325,1,0
18271681,0,0
1827199,1,1
18272489,0,1
1827873,1,1
1828745,1,1
1828887,0,0
1829221,1,1
183031315,1,1
18303497,1,1
1830391,0,1
18308194,1,1
183129,0,0
18313730,0,1
1833347,1,1
18335525,1,1
1833587,0,0
1834985,1,0
183561244,1,0
183580,1,1
183591662,1,1
18362089,0,0
183641828,1,1
1837043,1,1
18384530,1,0
18386204,1,1
18387315,1,1
18387356,0,0
1839291,1,1
183968376,1,1
1840194,1,1
1840550,1,1
18406903,1,0
1840823,1,1
18416429,1,0
184208413,1,1
1842774,1,1
18429428,1,1
1843187,1,1
1843396,1,1
1843397,0,0
1845060,1,1
1845437,1,1
1846264,1,1
1846410,1,1
1846746,1,1
1847172,1,1
1847250,1,1
18473131,1,1
184829,1,1
184880,1,1
18493405,0,0
184981,1,1
1849907,1,0
18505091,0,1
18508197,1,0
18508456,1,1
1851814,0,1
18520499,1,1
1852322,1,1
1852368,1,1
18528034,1,1
1853453,1,1
1854572,1,1
185477,0,1
18556553,1,1
18560433,1,0
185614602,0,0
18564242,0,0
18564296,1,1
1856548,1,1
18566632,0,1
1857268,1,1
185756086,1,1
185858952,1,1
185891614,1,1
18592805,1,1
18593547,1,1
18597276,1,1
18603064,1,0
18614654,1,1
18619483,1,1
18622148,1,0
18640744,1,0
186414415,1,1
1864643,1,0
1865092,1,1
186606802,1,1
1866543,1,1
18669252,1,1
186721,0,0
18676557,1,1
18677479,1,1
1867773,1,1
1868302,1,1
18685392,1,1
186885239,1,1
1868968,1,1
18696079,1,1
18696648,1,1
18697710,1,1
1869836,1,0
18699704,1,0
18700815,1,1
187051699,1,1
1870762,1,1
18721835,1,1
1872704,1,0
1872775,0,0
18730170,0,0
18731237,1,1
1873449,0,0
187378796,1,1
1874001,1,1
187413308,0,1
18741761,1,1
187430693,1,1
1874421,0,1
187451892,1,1
187480851,1,1
187493186,1,0
187515208,0,0
187543855,0,0
18759079,1,1
18762484,1,1
187789341,0,0
1878973,0,0
187918083,1,1
187967497,0,0
18797605,1,1
1880273,1,1
18806763,1,1
1881004,1,1
18810526,1,1
1881854,1,1
18819237,1,1
188207115,1,1
18824974,1,1
1882679,1,1
18836075,1,0
18839082,1,1
188402347,1,0
188405,1,1
18843635,0,0
188472806,1,1
18849538,1,0
18852181,1,1
18854,0,1
1885614,1,1
188580203,1,0
18862971,1,0
18863043,1,0
188657,0,0
1887000,0,0
188707020,1,1
1887285,1,1
188804394,0,0
188914004,1,0
18894184,1,1
18894893,0,0
18896704,0,1
189016947,1,0
1890223,1,1
1890415,0,0
189056,1,1
18907559,0,1
18915085,1,1
189177913,0,0
18918620,1,1
1892204,1,0
1892239,1,1
18923200,1,1
18923210,1,0
18925771,1,0
18927784,1,1
18936820,1,1
18937588,1,0
18939050,1,1
18943662,0,0
1894520,1,1
18951594,0,0
18952549,1,1
189540142,1,0
18957054,1,1
18957621,0,0
18957801,0,0
18959775,1,1
18962300,1,1
189629728,0,0
18966,0,0
189710596,1,1
189754447,1,1
18978598,1,1
18984819,1,0
189870315,0,0
1898821,1,1
1899434,1,1
18994470,1,1
18995125,1,1
18995635,1,1
19001489,1,1
1900304,1,1
19007440,1,1
19007923,1,1
190081799,1,1
1901689,1,1
1901738,1,1
19023751,1,0
19025968,1,1
190260653,0,0
190414757,0,0
190434492,1,1
19045794,1,1
19051945,1,1
19061991,1,1
19064485,0,0
1907265,1,1
19073378,0,0
19080640,1,1
19084196,1,1
19089163,1,1
19094476,1,1
1909684,0,0
19103987,1,1
19106217,1,0
1911421,1,0
1911739,1,1
19130676,1,1
19131595,1,1
19133075,1,1
1913476,1,1
1913649,1,1
19141226,1,1
19142338,1,1
191496999,1,1
19151697,0,1
19168998,1,1
1918356,1,0
19188134,1,1
19189291,1,1
19191202,1,1
1919559,1,1
1919590,1,0
19197289,0,1
191975881,1,1
19205665,1,1
19209303,0,0
192100,1,1
19210258,1,0
19213850,0,1
19217284,0,1
1921826,1,1
19223887,1,1
1922652,1,1
1922939,1,1
1923251,1,0
19235091,1,1
192371969,1,1
19237305,1,1
192373528,0,0
1923868,1,1
1924130,1,1
192499423,1,1
192515001,1,1
1925687,1,1
1926306,1,1
19264434,1,1
1926691,1,1
1926714,1,1
1926755,1,1
192815417,1,1
19281758,1,1
192900141,1,1
19290045,1,1
1929038,1,1
192907500,1,1
19291834,1,1
1930258,1,0
1931165,1,1
1931417,1,1
19314286,1,1
19316168,1,1
19317156,0,0
19330983,1,1
193358347,1,1
19349312,1,1
19351603,1,1
19352291,1,1
193525349,1,1
193550541,1,1
1936320,1,1
19364019,1,1
19369252,1,0
1936947,1,0
193711,1,1
19372337,1,0
19374189,1,1
19375642,1,1
19388397,0,0
19389068,1,1
19390922,1,1
193978492,1,1
194120352,1,1
194133,1,1
194152088,1,1
1941549,1,1
19417399,1,1
1941860,1,1
1941914,1,1
19419502,1,1
1942244,1,1
194266111,1,1
19440655,1,1
1944127,1,0
19448314,0,1
19460768,1,1
194635338,1,1
194640,1,1
194659807,1,1
194757708,1,1
19482184,0,0
19483378,0,0
19487847,1,1
194903379,0,0
194912,1,0
1949757,0,1
19498351,1,1
1950120,0,0
1950184,1,1
19502262,1,1
195075,1,1
195088482,0,0
19510610,0,0
19514609,1,1
1951953,1,0
1952698,1,1
195276332,1,1
1952993,1,1
1953138,1,1
1953465,1,1
1953603,1,0
19546035,1,1
19550645,0,1
19551660,0,0
19557469,1,0
19563429,1,1
195667,1,1
1956854,1,1
1956874,1,1
1957041,1,1
195720453,1,1
19577447,1,1
19580157,1,1
19583111,0,0
19590628,0,0
19593383,0,0
1959455,1,1
195965157,1,1
1960238,0,0
1960870,1,1
196123355,0,0
1962012,1,0
1962150,1,1
1962428,1,1
19630095,1,1
1963455,1,1
1964659,1,1
1966045,1,1
1966173,1,1
1966264,1,1
19664858,1,1
196712219,0,0
1967610,1,1
196830,0,1
19683997,1,1
1968465,1,1
1968508,1,1
19693282,1,1
19695268,1,1
19700349,1,0
19703500,1,1
1970669,1,1
19707394,1,1
19708593,1,1
1971407,0,0
1972110,1,1
19729726,0,0
1973131,1,1
19740908,1,1
19742238,1,1
19742297,0,0
1974707,1,1
19750216,1,1
19761183,1,1
1976464,0,0
19770065,1,1
19770365,0,0
19772749,1,1
19777498,1,0
197828,1,1
1978297,1,1
19783887,1,1
1978410,1,1
19787456,0,0
19790880,1,1
19797800,1,1
19800359,1,1
19802893,1,1
198038,1,1
19804659,1,1
1981212,1,0
19812747,1,0
1981306,1,0
19819373,1,0
19821447,1,1
19821808,1,1
19824232,1,1
19825822,0,0
1982657,1,0
198279,1,1
1982994,1,1
19829983,1,1
1983142,1,1
19834288,1,1
1984102,1,1
1984473,1,1
1984669,1,1
1984742,1,1
1984975,0,0
1985301,1,0
1985314,1,1
1985386,1,1
19855968,1,0
19859284,0,0
1986145,1,0
1986528,1,0
198667,1,1
19867100,1,0
1987058,0,1
19872703,1,1
19877,1,0
19879121,1,1
19879411,1,1
19884,0,1
19886611,1,1
19887367,0,0
1988940,1,1
19890838,0,0
198968,1,1
198994,1,0
19900016,1,1
19905264,1,1
1990877,1,0
19909535,0,1
1991061,1,1
1991157,1,1
199146,1,0
1991907,1,1
1992052,1,1
1992106,1,1
1993128,0,0
1993148,1,0
19931758,0,0
1993256,1,1
19938048,1,1
1994479,1,1
1995440,1,1
1996772,1,1
1996965,1,1
199753,1,1
19982481,0,0
19986404,1,0
19991010,1,1
1999184,1,1
1999192,1,1
199956,1,1
1999574,0,0
19997711,1,1
200017,1,1
2001025,1,1
2001309,1,1
20033901,1,1
2003489,0,0
20035493,0,1
20037124,1,1
20038459,1,1
20038811,1,1
2004221,1,1
2004268,1,1
2004430,1,1
2004594,1,1
2005487,1,1
20062337,1,1
200713,0,0
20075186,1,1
20078968,1,1
20080123,1,1
2008272,1,1
20084894,1,1
200850154,1,0
2009387,1,1
2009557,1,1
20097488,1,0
2010030,1,1
2010144,1,1
20101576,1,1
2010256,1,0
2010441,1,1
201051,1,1
2010897,0,0
2011311,0,0
2011894,1,1
20118993,1,0
20121079,0,0
2012500,1,1
20125912,0,0
20138552,1,1
20139956,1,1
2015109,1,1
20153220,1,0
20158972,0,1
20165019,0,0
20173466,1,0
2017367,1,1
2017477,1,1
20180053,0,0
2018236,1,1
2019652,1,1
20200482,1,1
2020274,1,1
202163,1,1
20219786,1,0
2022248,1,1
2023061,1,1
202423,1,1
20247073,1,1
20254800,1,1
20257286,1,0
2025795,1,1
2026216,0,0
2026231,1,1
2026806,1,1
20272707,1,1
20282209,0,0
20286955,1,1
20288213,1,0
2029076,1,1
2029417,1,1
2029720,0,1
2029817,1,0
2030311,1,1
2030444,0,0
20308221,1,1
20310011,1,1
2031072,1,1
20313001,1,1
20313688,1,1
2031599,1,1
2031845,1,1
203212,0,0
2032131,0,0
20322814,0,0
20334598,1,1
2033466,1,1
20345444,0,0
20348056,1,0
2035749,0,0
20358717,1,1
20359769,1,1
2036072,0,0
2036079,1,1
2036462,1,1
20364658,1,1
20367940,1,0
20369085,1,0
20369775,1,1
20386469,0,0
20386806,1,1
2039285,1,1
20400137,0,0
2040189,1,1
20408239,1,0
20415278,1,1
20427683,1,1
2043029,1,1
20430557,1,1
2043422,1,1
2043623,1,1
20437664,1,1
20444383,1,1
20453255,1,1
20466901,1,1
204692,0,1
20469413,0,1
20475864,1,1
2047790,1,1
204896,1,1
2049013,1,1
20491204,1,1
20492370,1,1
2049372,1,1
20497129,1,1
2050195,0,0
20505713,1,0
2050580,1,0
20506051,1,1
205085,0,0
2051486,1,1
2051589,1,1
20516331,1,1
2051719,1,0
2051756,1,1
2051896,1,1
20520313,0,0
20520422,1,1
2052169,1,1
20522194,0,1
2052889,1,1
2052914,1,1
20532439,1,0
2053883,1,1
2054076,1,1
2054527,1,1
20551221,0,0
20556818,1,1
20556875,1,1
2055990,1,1
20561108,1,1
2056428,1,1
205648,1,1
205654,1,1
2056723,1,1
2056928,1,1
2056941,1,1
20571411,1,1
20580560,1,1
2058063,1,1
20581526,1,1
20581593,1,1
2058704,1,1
2058929,1,1
20592999,1,1
206017,0,1
2060448,1,1
2060599,1,0
20607173,1,1
20609214,1,1
20612754,1,1
20613295,1,1
20617338,0,0
20619591,1,1
206204,0,0
20621461,1,1
20624152,1,1
20627127,1,0
20629161,1,1
20638287,1,1
20638897,0,1
20640476,0,0
20647284,1,1
20654498,1,1
20657560,1,0
2065824,1,1
2065839,1,1
20661,0,0
20661794,1,0
20677096,1,0
2067967,1,1
206806,1,1
2068215,1,1
20686535,0,0
206902,1,1
2069774,1,0
2069992,1,1
2070326,1,1
2070407,1,1
20705216,0,0
20712625,1,1
2071458,1,0
20714961,1,0
20720838,1,1
2072093,1,1
2072116,0,0
20721187,1,1
20721737,1,1
2072284,1,1
20723842,1,0
2072425,1,1
2072537,1,1
2073033,1,1
20732920,0,0
20734360,1,1
2073720,1,1
2074030,1,1
20747515,1,1
20749469,1,1
2075341,1,0
2075398,0,0
20757117,1,1
2075852,1,1
20759020,0,1
2076349,1,1
20763640,1,1
20765592,1,1
2076747,1,1
2077087,1,1
20772,0,0
2077303,1,1
20774403,1,1
20775682,0,0
20779795,1,1
207810,0,1
2078539,1,1
20786345,0,0
2078787,1,1
2078873,1,1
20789204,1,1
2079036,1,0
20790746,1,0
2079538,1,0
2079985,1,1
2080446,1,1
20804814,1,0
20807304,1,1
20807345,1,1
2080819,1,1
20817676,0,0
2081814,1,0
2081986,0,0
20820131,1,1
20821002,1,1
20822062,1,1
2082498,1,1
20825485,1,0
2082672,1,1
20828538,1,1
20834990,1,1
208425,1,0
2084507,1,1
2084682,1,1
20848387,1,1
2084878,1,1
2085668,1,1
2085702,1,1
20857166,1,1
20860392,0,1
2086133,1,0
2086224,1,1
2086309,1,0
20865046,1,1
2086657,1,1
2087124,1,1
20876295,1,1
2087991,1,1
2089062,0,1
20892221,1,1
2089680,1,1
20899653,1,1
20901659,1,1
2090592,1,1
20907007,1,1
2090919,1,1
20911647,0,0
2091259,1,1
20913701,0,0
2091499,1,0
2091623,0,0
20921847,1,1
20922130,1,1
209273,1,1
2093391,1,1
20935593,0,0
20938971,1,1
20939574,1,1
20943017,1,0
2094481,1,1
2094549,1,1
20945977,0,1
209491,1,1
20951243,1,1
20952976,1,1
20965901,1,1
2096714,1,1
20967959,1,1
20976844,1,0
20987709,1,1
20991455,1,1
20992281,0,1
209947,0,0
2100178,1,1
21005405,0,0
21008252,1,1
21012127,1,1
21012890,1,1
210169,1,0
21018925,0,0
21022294,1,0
2102638,1,1
21035138,1,1
21035547,0,1
21036165,1,1
2103869,1,1
2104233,1,1
21044562,1,1
2104823,1,1
2104986,0,1
21049978,0,1
210557,1,1
21064811,1,1
21064845,0,0
2106763,1,1
21069402,0,0
210719,1,1
21071963,0,1
21072108,1,0
2107302,0,0
21074195,1,1
21076386,1,1
2108517,1,1
2108838,1,1
2108856,1,1
21101475,1,0
2110168,0,0
21106267,1,1
2111098,1,1
2111845,1,0
21120388,1,1
2112482,1,1
21126219,1,1
2112962,0,0
2112976,1,1
21129835,1,1
21130382,1,1
21132370,1,1
21132741,1,1
21134247,0,0
211363,1,1
2113744,1,0
211389,1,1
21139861,1,1
2114144,1,1
211418,0,1
2116538,1,1
211757,1,1
2117668,1,1
2118372,1,1
2118430,1,0
2118494,1,0
21190158,1,1
21191575,1,1
2119884,1,1
21204044,1,0
21204853,1,1
21205035,0,0
2120595,1,1
21208674,1,1
2121062,1,0
21218068,0,1
2121961,1,1
21223767,0,1
21224310,1,1
2122790,1,1
2123823,1,1
21239287,1,0
2123937,1,1
21240366,1,1
21244961,1,0
2124522,1,1
21247030,0,0
21250063,1,1
21266039,1,0
21271853,1,1
21276485,1,1
21277341,1,1
212788,1,1
21302961,0,0
2130341,1,0
2130700,1,1
2130734,1,1
2131721,1,0
21325807,1,1
213271,1,0
21339618,1,1
21344188,1,1
21350690,1,1
21364240,1,1
21365458,0,1
21368378,1,1
21369180,1,1
21378021,0,1
2137873,1,1
2138070,1,1
21386659,1,1
21387756,1,1
213903,1,1
2139422,1,1
21394431,1,1
21396795,1,1
2139728,1,1
2139771,0,0
21398060,1,1
2140072,1,1
21402716,0,0
21403295,0,1
21406264,1,1
21408916,0,0
2143043,1,1
2143179,1,1
21433483,0,0
2144805,1,1
21448268,1,1
2145151,1,1
21454885,1,1
2145670,1,1
21459720,1,0
2147083,1,1
21476525,1,1
21486810,1,1
21487156,1,1
2149427,1,1
21496498,1,1
21501580,1,0
215024,0,0
215040,1,1
21505459,1,1
215069,1,1
21511955,1,1
215120,1,1
21516215,1,1
21517249,1,1
2151780,0,0
2152173,1,1
2152297,1,1
21529252,1,0
215310,1,1
21536528,1,1
21539092,1,1
21540229,0,0
21545376,1,1
21548360,1,1
21550430,1,1
2155050,0,0
21551761,1,1
2155187,1,1
21555572,1,1
2155914,1,1
2156048,1,1
2156171,1,1
21563160,1,1
2156870,1,1
21569823,1,0
2157401,1,1
21574220,1,1
21580323,1,1
21581277,1,1
21584,1,1
21596120,0,0
21601001,1,0
21601350,1,1
2161301,1,1
21614311,0,0
21618214,1,1
21621922,1,1
21629494,0,0
21638489,1,1
21639425,0,0
21640205,1,1
21650016,1,1
21652460,1,0
21654073,1,1
21655096,1,0
21655690,1,1
2165641,1,1
21679926,0,0
21680608,1,1
2168658,1,1
2168725,1,0
2168815,1,1
216891,0,0
21695276,0,0
21710646,1,0
21714,1,1
21716868,1,1
21717060,1,1
21717356,1,1
217177,1,0
21719636,1,1
21720424,0,0
21721446,1,1
21723527,1,1
2172574,1,1
21726819,1,1
21728842,1,0
217292,1,1
21737003,1,1
21737013,1,1
21737472,0,0
2173851,1,1
217386,1,1
2173921,0,0
2173937,1,1
21739660,1,1
2174884,1,1
2175627,1,1
21773329,1,1
21776410,1,1
21776583,1,1
21779469,1,1
2178122,1,1
2178587,1,1
21790071,0,0
21791768,1,1
21793042,1,1
21795107,1,1
21800724,1,1
2180425,1,1
21810421,1,1
21811211,1,1
21816458,1,1
21819171,1,1
21827729,1,0
21832704,1,1
21841523,1,1
21851273,1,1
21858364,1,1
21858642,1,0
21859356,1,1
2186146,1,1
2188147,1,1
2188242,1,0
2188330,1,0
218870,0,0
21889813,1,1
21891961,1,1
2189274,1,1
21895251,1,0
21896763,1,1
21897888,0,0
21899763,1,1
21904366,1,1
21905618,1,1
21906231,0,1
2191181,1,1
219126,1,1
219130,1,1
21915755,0,0
2191871,0,1
2192051,0,0
21925811,1,1
21929093,1,1
21932155,1,1
21934264,1,0
21937876,1,1
21956510,1,1
2196582,1,1
2196670,0,0
21967609,0,0
2197701,0,1
2197790,1,1
2197797,0,1
21978025,1,1
21978499,1,1
219863,1,1
219872,1,1
21994072,1,1
21994731,1,1
2199902,1,1
21999334,1,1
220068,1,1
22010536,1,1
2201565,1,1
2201847,1,0
22026162,1,1
22031766,1,1
2203250,1,1
22034881,0,0
2203533,1,1
22041670,0,0
22042275,1,1
22045322,1,1
22049596,0,1
22053747,0,1
2205483,1,1
2205760,0,1
22058483,0,0
22075066,1,0
22078238,1,1
22078937,1,0
22091588,1,1
2209190,0,1
220961,0,0
22097294,1,1
22099604,1,1
2210052,0,0
22101949,1,0
22103348,1,1
22104813,1,0
22107016,1,0
2211123,0,1
22112564,1,1
22114289,1,1
2212,0,0
22122486,1,1
2212381,1,1
22127009,1,1
22127386,1,1
22128969,1,1
22131287,1,0
2213290,1,1
2213381,1,1
22136277,1,1
22137325,0,0
2213870,1,0
22141829,0,0
221422990,1,1
22151476,1,1
22152832,1,0
22156840,1,0
2216102,1,1
2216676,1,1
22170312,1,1
22171686,1,1
2217228,1,1
2217322,1,1
221890,1,1
2219077,1,1
22193230,0,1
2219858,1,1
22201294,1,0
22210939,0,0
22211350,1,1
2224343,1,1
2224888,1,1
22249533,1,0
22251301,1,1
2225426,1,1
22254416,0,0
2225539,1,0
2225751,1,1
2226082,1,1
22263414,1,1
22267789,1,0
22270854,1,1
22281986,1,1
2228248,1,1
2228403,1,1
2228615,1,1
22286648,1,1
2228881,1,1
2228932,1,0
22300715,1,0
2230673,1,1
2230725,0,0
2231214,1,1
22318963,1,1
22331299,1,1
2236904,1,1
22373224,1,1
22384935,1,1
22386680,0,0
2238916,1,0
2239797,1,1
2240117,1,1
2241545,1,1
22427621,1,1
22433899,1,1
224372,0,0
22442146,1,1
22445,1,0
22452435,0,0
2245888,1,1
22464181,1,0
22464984,1,1
22479220,0,1
2248559,1,1
22487614,0,0
22488177,0,0
22495666,1,0
2250808,0,0
2250862,1,1
22511955,0,0
22513920,0,0
22514879,1,1
22517338,0,0
2253860,0,0
22542404,1,1
22556579,1,0
2255771,1,1
2256115,1,1
2256862,1,1
2257844,1,1
2258195,0,0
22587603,1,1
2258910,1,1
2259897,1,0
22603979,1,1
226055,1,1
2262961,0,0
2263999,1,1
22645592,1,1
22646343,0,0
22667694,1,1
22667718,0,0
2267633,1,1
22682759,1,1
22683872,1,1
22696414,1,1
22702721,1,1
227037,1,1
2270394,1,0
22704923,1,1
22710789,1,1
22718372,1,1
22718852,1,1
227193,1,1
227199,0,0
22720764,1,1
22723191,1,1
2273018,1,1
2273147,1,1
22732783,0,0
22736065,1,0
22737762,1,1
227394,1,1
22746136,1,1
2276679,1,1
2277158,1,1
2277276,0,0
22773,0,1
22782827,1,1
22783284,1,1
227855,1,0
22786608,1,1
2279878,0,0
228029,1,1
22806290,1,1
22811236,1,1
2281152,1,1
2281207,1,1
22812229,1,1
2281507,1,1
22815699,1,1
2281871,1,1
2282178,1,1
2282570,1,1
22847249,1,1
22862524,1,1
22862854,1,1
22873524,1,1
22877466,0,0
2287827,1,1
22885172,1,1
2289,1,1
22891277,1,1
2289449,1,1
22896748,0,0
22896972,1,1
2290157,1,1
229055,1,1
22910528,0,1
22914661,0,0
22918266,1,1
22921231,1,1
229221,1,1
22927213,1,1
22928025,1,1
22930407,1,1
22941335,1,1
2294288,1,1
2294638,1,1
22946821,1,0
22955266,1,0
22970229,1,1
22970535,1,1
22980652,1,1
229828,0,1
22983289,1,0
22986590,0,0
2299294,1,1
22995389,1,0
22999871,1,1
2300305,1,1
2301465,1,1
23019257,1,1
23025534,1,0
23026835,1,0
23028623,0,0
23029778,1,0
23030465,1,1
23053359,1,1
23057125,1,1
23060454,1,1
23062362,0,0
23062957,1,1
23067072,1,1
2307080,1,1
23089332,1,1
2309128,1,1
23097372,0,0
23100428,1,1
23113578,1,0
2312018,1,1
2313522,1,1
23136054,1,0
23141892,1,1
231439,0,0
23145481,1,1
23145609,1,0
231483,1,1
23153264,1,1
23156167,1,1
23157197,0,0
2317888,1,1
23181312,0,1
23181989,1,1
231825,1,0
23189158,1,1
23193654,1,1
23199639,1,1
23200667,1,1
23218106,1,0
23224528,0,0
232252,1,0
23229397,1,1
23244446,1,1
23246779,0,0
232479,1,1
23248559,1,1
23262931,0,0
23263643,1,0
23263734,1,1
23265141,1,1
23272482,1,1
23274231,1,0
23283408,0,0
23289818,0,1
23290639,0,0
2329399,1,1
23313436,1,0
23323173,0,0
233252,1,1
23330857,0,0
23339181,1,0
23339216,1,1
233409539,1,1
2334241,1,1
23343315,1,1
23347406,1,0
23353044,1,1
23358084,0,0
23359848,0,1
23374169,1,0
23384564,1,1
23385059,1,0
23386600,1,0
23393960,0,0
23402175,1,1
23411087,1,1
23418581,1,1
23420072,1,0
2342149,1,1
23429257,1,1
23435492,1,1
234378,1,1
234385,1,1
23447801,0,0
23449941,1,0
23451755,1,1
23453655,1,1
23453867,1,1
23460124,0,0
23462924,0,1
2346590,0,1
2347915,0,0
234813,1,1
2348381,1,1
2348447,1,0
2348477,1,1
234868323,1,1
2349903,1,1
23502579,1,1
23503719,1,1
2350691,1,1
23510342,1,1
2351358,1,1
23513930,1,1
235163,0,1
23516832,1,0
23518317,1,1
2351867,1,1
23518854,1,1
23524040,1,1
235261,1,1
2353196,0,0
23534395,1,1
2353614,1,1
23537246,1,1
23547004,1,1
23549952,0,1
23550,1,0
2355253,1,1
23553563,1,1
23553739,1,0
2356985,1,1
2357509,1,1
23576204,1,1
23576697,0,1
2357968,1,0
2357981,0,1
23582264,1,1
2358372,1,0
23591,1,0
23591267,1,1
23600,0,0
23606307,0,0
2361072,1,1
23612163,1,1
236157,1,1
23617233,1,1
236264,1,1
23635099,0,0
23641183,0,0
236438,0,0
2364928,1,1
23656175,1,1
23656502,1,1
23674,1,1
2368164,1,0
23686314,1,1
23686377,1,1
2368893,0,0
23693570,1,1
236980,1,1
23713888,1,1
23714726,0,1
237155,1,1
23717258,0,0
23720335,1,1
23725862,1,1
23736599,1,1
23740720,1,0
23742446,1,1
23742992,1,1
23743089,0,0
23748260,1,1
23749,1,1
23755318,1,1
2375633,1,1
2376654,1,1
23772811,1,1
23774521,1,1
237790,1,1
2378384,1,1
23794816,1,1
2380106,1,1
23804731,1,1
238087,1,1
23813730,0,0
238226,1,1
23846154,1,1
23854066,0,0
23855293,1,1
23858726,1,1
23860176,1,0
23864599,1,1
23868861,1,1
2387451,1,1
2387689,1,1
238769,1,1
23876936,1,1
2387934,1,1
23889398,1,1
23889675,1,1
2389015,1,1
23890628,1,1
2389127,1,1
23899929,1,1
2390116,1,1
23903903,1,1
23911139,1,1
2391952,1,1
23924563,1,1
23926740,1,1
2393281,0,0
239330,1,1
2393805,1,1
2393951,1,1
2394218,1,1
2394806,1,1
2395085,1,0
23955742,1,1
23956370,1,1
2395946,1,1
239632,1,1
2396467,1,1
23969356,1,1
23969486,1,1
23970910,1,1
2397755,1,1
239777,1,1
23978142,1,1
23982078,1,1
2398785,1,1
23988242,0,0
24002549,1,1
24002652,1,1
24008347,1,1
24011164,1,0
24016261,1,1
24016755,0,1
240199,1,1
2402105,1,0
24022528,1,1
24024528,1,1
24028247,1,1
24030085,1,1
24033593,1,0
2403603,1,1
2403751,1,1
2404051,0,0
2405266,1,0
2405364,1,1
240537,1,1
240638617,1,0
240650,1,1
24079676,1,1
2408148,1,1
24081799,1,1
24086487,1,1
24094523,1,1
24100526,1,1
2410198,1,1
2411082,1,1
24111434,1,1
24112727,0,0
2411566,1,1
2411808,1,1
2411833,1,1
2411978,1,1
2412093,1,1
2412351,1,1
24128559,0,0
241291,1,1
24129841,0,0
241321,1,0
24132626,1,1
2413621,1,1
24138768,0,0
2414506,1,1
24147440,1,1
24152326,1,1
24159677,1,1
24160226,1,1
24162502,1,1
24166303,1,1
24168588,1,1
2417906,1,1
2418203,1,1
24185704,1,1
241907,1,1
2419097,1,1
24192713,1,1
24194547,0,0
24195531,0,1
24196963,1,0
24209736,0,0
2421398,1,1
2421556,1,1
2421576,1,1
24218319,1,1
2422038,1,1
2422895,1,0
24229931,1,0
24240187,1,0
2424998,1,1
2425367,0,0
24258440,0,0
24261852,1,1
24263620,1,0
24263654,1,1
2426428,1,1
2426547,0,0
24266276,1,1
24267804,1,1
24269542,1,0
2426981,1,1
24271295,1,0
24271817,1,1
24272438,0,0
24272882,1,0
24273,0,1
2427316,1,1
24274176,1,1
24276543,1,1
2427733,1,1
24284224,1,1
24288125,1,1
24293817,1,1
2430554,1,1
24306527,1,1
24310567,1,0
2431816,1,1
243197,1,1
2432128,1,0
2433154,1,1
24335744,1,1
24336477,1,1
24338475,1,1
24343734,1,0
24344397,1,1
24344674,1,1
24346246,1,1
24350482,0,0
24353158,1,1
24357074,1,1
24360914,1,1
24363921,1,1
24367474,0,0
2437274,1,1
2437300,1,1
2437703,0,0
24378903,0,0
243827155,1,1
24382913,1,1
2438419,0,1
2438561,1,1
24387190,1,0
2439255,0,1
24398106,1,1
2440000,1,1
24403126,1,1
24407886,1,0
24416254,1,1
2442761,0,0
2442877,1,0
24432661,1,1
24434693,1,1
244363,1,1
2443961,1,1
244441,1,1
2445268,1,0
24456218,1,1
2446498,1,1
24466993,1,1
24468764,0,1
24470835,1,1
24472249,1,1
2447249,1,1
2448560,0,0
2449229,1,0
244989,1,1
245011,1,0
24507870,1,1
24511312,1,1
24513170,1,0
2451419,1,1
24530472,1,0
2453337,1,1
2453396,1,1
24537653,1,1
245403,1,1
24545959,1,1
2455097,1,1
2455150,1,1
2455277,1,1
24552966,1,1
245588,1,1
24560592,1,1
24561850,1,1
2456350,0,1
2456606,0,0
2457141,1,1
24574666,0,0
24584042,1,1
24590247,1,1
24594174,1,1
24597248,1,1
24599158,1,1
24599857,1,0
24602299,1,1
24608710,1,1
2461188,1,1
24621112,1,1
24622602,1,1
24635053,0,0
24651186,1,1
2465430,1,1
24659096,1,1
2466455,1,1
2466773,1,1
24669761,1,0
24670918,1,1
2467098,1,1
24678191,1,1
246826,1,1
24685490,1,1
24695857,1,1
2470524,1,1
24710919,0,1
24711194,0,0
24712777,1,1
247186,1,1
2472722,1,1
24733059,0,1
247334,1,1
24735391,0,0
24737891,1,1
247576,1,1
24759058,1,1
24759904,1,1
247633,1,1
24770514,0,0
247747,1,1
2478337,1,1
24785203,0,0
24795337,1,1
24795839,1,1
2479714,1,1
248004445,1,1
24805062,1,1
24806006,1,0
248073,1,1
24814690,1,1
24822310,1,1
2483000,0,1
2483035,1,1
24839279,0,0
24839763,1,1
24853066,0,0
24865933,1,1
24874169,0,0
248744,1,1
248849,1,1
2489506,1,1
24903221,1,1
2491391,1,1
2492881,1,1
2493566,1,1
2493592,1,1
24937137,1,1
24940706,1,1
2494402,1,1
24951509,0,0
2495471,1,1
24957468,0,1
2496076,1,1
249625,0,0
2496270,1,1
24964200,1,1
24983437,0,0
249845,1,0
24984717,1,1
24995748,1,1
25005234,1,1
25007663,1,1
250082,1,1
25011404,1,1
2501955,1,1
250235,1,1
25027120,1,0
2502955,1,0
25031733,1,1
25031948,1,1
2503427,1,1
25038559,1,1
25045974,1,1
25051353,1,1
2505258,1,1
250535,1,1
25055778,1,1
25064301,1,1
25068256,0,0
25085771,1,1
25088444,0,0
25099438,1,1
25107233,1,1
251091,0,1
2511583,1,1
2511852,1,1
25122240,1,1
2512400,1,1
25124511,1,1
25136394,1,1
2513773,1,1
25139490,1,1
251402,1,1
25150222,1,1
2515216,1,1
2515419,1,1
25158010,1,0
25164351,1,1
25165937,1,1
25168235,1,1
25170978,0,1
2517209,1,1
25175004,0,0
25177250,1,1
25178180,1,0
2518166,1,1
2518972,1,1
25191331,0,1
25192399,1,1
2519349,1,1
25194595,1,1
251996,1,1
25204153,0,1
25206740,1,1
252191,1,1
25228232,1,1
25228527,1,1
2523193,1,1
25237253,1,1
2524389,1,0
2524404,1,1
25257030,1,1
25257440,1,1
252597,1,1
2526096,1,1
25261662,0,0
25264476,1,1
25274056,1,1
2527504,1,1
25287558,1,1
25293359,1,1
252994022,1,1
2530,1,1
25300637,1,1
2530072,1,1
2531158,1,0
25315507,1,1
25335363,1,1
25338285,1,1
2533870,1,1
25342393,1,0
2535071,1,1
25359011,1,1
25361409,0,1
2538705,1,1
25387491,1,1
2539605,1,1
25405525,1,1
254061,0,1
25408116,1,1
254288,1,1
254322,0,1
25435847,1,1
25448781,0,1
25453631,0,1
25454077,1,1
25462468,0,0
25464309,1,1
25481495,1,1
25495187,1,1
2549757,1,1
25498516,1,1
25499480,1,1
25507563,1,1
2551605,1,1
25516713,1,1
2552106,1,0
25522766,1,1
25526683,1,1
255272,1,1
2552860,1,1
25530866,1,1
25540566,1,1
25547612,1,1
2554824,0,0
2555055,1,1
25557445,1,1
25559024,1,1
255630,1,1
25565987,0,0
2557011,1,1
25574237,1,1
2557470,1,1
25580347,1,1
2558319,1,1
2558431,1,1
2559377,1,1
2559752,1,1
25597883,1,1
25600290,1,1
25608579,1,1
25611240,1,1
25611481,0,1
25614035,1,1
25614214,1,1
2561450,0,0
256158,1,1
2562233,1,1
25637088,1,1
25638669,1,1
25640576,1,1
2564428,0,0
256453,1,1
25653761,0,0
25659387,1,1
25659714,1,1
2566011,0,0
25663265,1,1
25663604,1,1
25668682,1,1
25669645,1,1
25691349,1,1
2569212,1,1
2569829,0,0
25699243,0,0
2570044,1,1
25703749,0,0
25708978,1,1
25711111,1,1
25719277,1,1
25721190,1,1
25723667,1,1
25724225,1,1
25735439,1,1
2574437,1,1
25745459,0,0
25759256,1,1
257675,1,1
25769604,1,1
25780787,1,1
25788564,0,0
2578994,0,0
2579025,1,1
25792126,1,1
25802078,1,1
2580998,1,1
258105,1,1
25814210,1,1
25820146,1,1
25820506,1,1
25820886,0,0
25825080,1,0
25827232,0,0
25827690,1,0
25832799,0,0
2583518,1,1
2583604,1,0
25836377,1,1
25840841,1,1
25840991,1,0
25841891,1,1
258433,1,1
25844099,1,0
2584455,1,1
25846087,0,0
25847035,1,1
25854484,1,1
25857480,1,0
258707,1,1
2588015,1,1
25893832,1,1
2589644,1,1
25904976,1,1
25914425,0,1
25918655,0,0
25923247,1,1
2592669,1,1
2592713,1,1
25928221,1,0
25943915,0,1
25957778,1,0
25957972,1,1
25962195,0,0
2596932,1,1
25971255,1,0
25972553,1,1
25976144,1,1
2598628,1,1
25988160,0,0
2599258,1,1
25996383,1,0
2600011,1,1
26013976,1,0
26015099,1,0
26015110,1,1
26017873,0,0
260226,1,1
26024234,0,0
26045592,0,0
26045922,1,1
26047109,1,0
2605426,1,1
26059464,1,1
26061792,1,0
260638,1,1
2607124,1,1
26073866,1,1
26083306,1,0
26084276,1,0
2609066,1,0
2609913,1,1
26099258,1,1
2610404,1,1
26106692,1,1
26112940,1,1
2611421,1,1
2611507,1,1
26121819,1,1
26122724,1,1
26124091,1,1
2613310,1,0
261334,1,1
26136858,1,1
26137599,0,0
2613820,0,0
26142702,1,1
2614281,0,0
2614681,1,1
26147171,1,1
26149914,0,1
26150853,1,1
26158897,1,0
2616405,1,1
2617524,1,1
26186902,1,1
26189223,1,1
26190926,1,1
2619645,1,1
26196943,1,0
261991,1,1
2619951,1,1
2620742,1,1
26212547,0,1
2621565,0,0
26218873,0,1
26219669,1,1
2622513,1,1
26227229,1,1
26232926,1,1
26234186,1,1
26235596,1,1
26238374,0,1
26243901,1,1
26249103,1,1
2626459,1,1
2626679,0,0
2627096,1,1
2627165,1,1
2627804,1,1
26279547,1,0
2629024,1,1
26310905,1,1
26320603,1,1
26323647,1,1
26326296,1,1
26326656,1,1
263273,1,1
2632769,1,1
26329297,1,0
2633425,1,0
26334775,1,1
263368,1,1
26344618,1,1
26351128,1,1
26351427,1,1
263546,1,1
26362441,1,1
26371595,1,0
26372144,1,1
26404846,1,1
2640992,0,1
264143,1,1
264161,1,1
2642189,1,1
2642585,1,1
2643517,1,1
26444041,1,1
2645542,0,0
264612,1,1
26463208,1,1
26467708,1,1
26468219,1,1
26468882,1,1
2647,1,1
264710,1,1
26480810,1,1
2648179,1,1
26484655,1,0
2648507,1,0
2648540,0,0
26488232,1,1
26489065,0,0
26489871,1,1
26493280,0,1
2649419,1,0
2649547,1,1
264959,1,1
26497337,1,1
26500869,0,1
2650228,1,1
2651144,1,1
2651199,1,1
2651522,1,1
2651863,1,1
2652,0,1
2652746,1,0
2653152,1,1
2653799,1,0
26540880,1,1
26544719,0,1
26545800,1,1
2654739,1,1
26550825,1,1
26553894,1,0
26556978,1,1
26558338,0,0
2656182,1,1
26566852,1,1
26569914,1,1
2657122,1,1
2657679,1,1
2657888,1,0
26581170,0,0
265856,0,0
26587470,1,1
26596260,0,0
26600314,1,1
26601141,1,1
2660746,1,1
26613397,1,1
26618000,1,1
26619759,1,1
26626807,0,1
26635171,0,1
26638892,1,1
266408,1,1
26643212,1,1
266469,1,1
26648522,1,1
26658253,1,1
26670028,1,1
26672173,1,1
266759,0,0
26678808,1,1
26679055,0,1
2668971,1,1
26701014,1,1
26704966,1,0
26716262,1,1
2671693,1,1
26719338,1,1
2671973,1,1
2672,1,1
26721759,1,1
26725441,0,0
26738343,1,1
26740774,1,1
26741777,0,1
2674313,1,1
2675210,1,1
26757098,1,1
26764358,1,1
267668,0,0
2676837,1,1
2677044,1,1
2677213,1,1
26776380,0,0
2677773,1,1
2678950,1,1
26790380,1,1
2680125,1,1
26801552,0,0
268064232,0,0
2680667,1,1
2680786,1,1
268084,0,0
26813567,1,1
268140,1,1
26814624,1,0
2682982,1,1
26831523,1,1
26839041,0,1
2683976,0,0
2684009,1,1
26854,1,1
26854689,0,0
268639,0,0
26879233,1,0
26889520,1,1
26890796,1,1
26893926,0,0
26899844,0,1
26904397,1,1
2690694,1,1
2691460,1,0
26916158,1,1
26921478,1,1
2692297,0,0
26924590,1,0
2692627,1,1
26934354,1,1
26943268,1,1
26957965,1,0
2696020,1,1
26964270,1,0
26966431,1,0
2699468,1,1
2700652,1,1
27010560,1,1
27017,0,1
27024262,1,1
27031076,1,0
27036982,1,1
27041643,1,1
2704285,1,1
2704734,1,0
27047675,1,0
2704946,0,1
270515,1,0
27062209,1,1
2706535,1,1
2707329,1,1
2707567,1,1
2708462,0,1
27086750,1,1
2708986,1,1
27091374,1,1
2709551,1,1
270990,1,1
2710563,1,1
2710704,1,1
2710973,1,1
2711023,1,1
27114414,0,0
2711662,1,1
2711808,1,1
2711837,1,1
2712081,1,0
2712377,1,0
2712750,1,1
2714160,1,1
2714654,1,1
27148776,0,0
2715034,1,1
27152207,1,1
27168730,0,1
2717450,1,1
2718218,1,1
27182488,1,1
27186220,0,0
2718861,1,1
271905,0,0
27197206,0,1
27206706,1,0
27214393,0,0
27226124,1,0
27232510,0,0
272494,1,0
27260141,1,1
27265287,1,1
27266447,0,0
2726804,1,1
2726861,1,0
27268955,1,1
27271228,0,0
27283507,1,0
2728416,1,1
27289823,1,0
27290997,1,1
27292095,1,1
27295768,1,1
2729609,0,0
2729653,1,1
27296879,1,1
27298387,1,1
27298469,1,1
27299196,1,1
27304159,1,0
27310513,1,1
27316484,0,0
27316646,1,1
2731932,1,1
27328476,1,1
27329440,0,0
27331213,1,1
27335344,1,1
27335580,1,1
27337103,1,1
27364337,1,0
27369384,1,1
273785,1,1
27390398,1,1
273996,1,1
27407909,1,0
27408334,0,0
27408363,1,1
2740905,1,1
27410020,1,1
2742743,1,1
27440673,0,0
27445868,1,1
27455025,0,1
27456907,1,1
2746440,1,1
274671,1,1
274687,1,1
27469440,1,1
2747,1,1
27475354,0,0
27487295,1,1
27487353,1,1
27488703,1,1
27489474,1,1
2749913,1,0
2750125,1,1
275041,1,1
2750701,1,1
27509891,1,1
275118,0,0
2751188,1,1
2751255,1,1
2751420,1,1
2751487,1,1
275171,1,1
27525048,1,1
2753053,1,1
2753333,0,0
2753587,0,1
2753920,1,1
27540457,1,1
2754074,1,1
27544838,1,1
27552179,1,1
27559591,1,1
27561972,1,0
27563393,1,1
27568107,1,1
275711,1,1
2757416,1,1
27586718,1,1
2759198,1,1
27593590,0,0
275957863,1,1
2759582,1,1
27595992,0,1
27606912,1,1
2761870,1,1
27619325,1,1
2762085,1,1
276223,0,0
27646633,1,1
27650482,0,1
2765524,1,0
27659974,1,1
27661533,1,1
2766357,1,1
276653,1,1
27666435,1,0
2766718,1,1
2767056,1,1
27671046,1,1
27671676,0,1
2769463,1,1
27696389,1,1
27702121,1,1
2773600,1,1
2773795,1,1
27739669,1,1
2774434,1,0
2774623,1,0
277466,1,1
27756106,1,1
27759906,1,1
277611,0,0
27765011,1,1
277763,1,1
2778142,1,1
27782119,1,0
27784558,1,1
2779014,1,1
27809440,1,1
27814601,1,1
2781497,1,1
27818498,1,1
2782310,1,1
2782633,1,1
27835751,1,1
27841871,1,0
27849233,1,1
2785292,1,1
2785702,1,1
27859374,0,0
2786456,1,1
2786821,1,1
2787018,1,1
278719,1,1
27885601,1,1
27893625,1,1
27920245,1,0
27947735,1,1
27948263,0,1
27956352,1,1
2795800,1,1
2796225,0,0
27962861,1,1
2796534,1,1
27968443,1,1
27971475,1,1
2799470,1,1
28009700,1,1
28009770,1,1
2801423,1,1
2802243,1,0
28026239,0,0
2803570,1,1
280400,1,1
28047145,1,1
28047238,1,1
28048858,1,1
2805598,0,0
280621,0,0
28065182,1,1
2806635,1,1
28070419,1,1
28074981,1,1
2807793,1,1
28079661,1,1
28082534,1,1
28082861,1,1
2808491,1,1
2808541,1,1
28085443,1,1
28087448,1,1
2809628,1,1
2809829,0,0
28108955,1,1
28109731,1,1
2811536,1,1
28115971,1,1
28117512,1,1
28124449,1,1
28125885,1,1
28133586,1,1
28133803,1,1
2814004,1,1
28152102,1,1
2815323,1,1
28156807,1,1
28157491,1,1
28165523,0,0
281682,1,1
28172728,1,1
28173142,0,1
28175721,1,0
2818176,1,1
28202075,1,1
28204337,1,0
2820795,1,1
282194,1,1
2822403,1,1
282378,1,1
28246669,1,1
2825426,1,1
28257461,1,1
2826329,1,1
2826376,1,1
2826416,1,1
2826496,1,1
28269282,1,1
28272116,1,1
28272628,1,0
2827853,1,1
28284974,0,1
2829006,1,1
2829021,1,1
28292420,1,1
28296832,1,1
2829823,1,1
2830252,1,1
2830329,1,1
28310183,1,1
28318155,1,1
28320404,1,1
28324303,0,0
28339270,1,0
283420,1,1
28342423,1,1
2834340,1,1
2834807,1,0
28349705,1,1
28364283,1,0
28366373,1,1
2836924,1,1
28370399,0,0
2837449,0,0
28381584,1,0
28383560,1,1
283853,1,1
28392180,0,0
28397015,1,0
28404543,0,0
28407873,1,1
28412792,1,0
28415660,0,0
28417344,1,1
2842433,1,1
28425463,1,1
28427249,0,1
2843083,1,1
2843347,1,1
2844101,1,0
28441457,1,1
28442074,0,0
28473947,0,0
28478649,1,1
28484658,1,1
28486769,1,1
28489194,0,1
28490023,1,1
284951,1,1
2849797,1,1
284981,0,0
2850433,1,1
28504905,1,1
28510344,1,0
2851093,1,1
2851629,1,1
285537,1,0
2855621,1,0
2856724,1,1
285710,1,1
28574622,1,1
28575576,1,1
28606733,1,1
28614124,0,1
2861773,1,1
28622369,1,1
28630440,0,0
28653775,1,1
28654491,0,0
28659299,1,1
28660670,1,1
28670156,1,1
28680482,1,1
28681703,1,1
28681859,1,1
2868410,1,1
28686689,1,1
28687174,1,1
28695837,1,1
28700498,1,1
28709812,1,0
2872156,1,0
28725453,1,1
28726161,1,0
28727335,0,1
28737922,0,0
2873878,1,1
287397,1,1
28740488,0,0
287420,0,0
28746604,1,1
28747246,1,1
2876945,0,0
28777392,1,1
2878122,0,0
2878135,1,1
287884,0,0
287943612,1,1
28802077,0,0
2881024,1,1
2881887,0,0
2882370,0,0
2883097,1,1
2883211,1,1
2884485,1,0
2884637,1,1
28848362,1,1
2884978,1,1
28850162,1,1
28855200,1,1
28857420,1,1
2886027,0,0
288605733,1,1
2886544,1,1
2887189,1,0
28872881,1,1
2887374,1,1
288745,1,1
28882900,0,0
28884214,1,1
28884795,0,1
2889702,1,1
2890530,1,1
28905778,1,1
2890695,1,1
2890715,1,1
2891126,1,1
2891364,1,1
28914144,1,0
2891496,1,1
289156,0,1
28915762,1,1
28917163,1,1
28920,1,1
28922760,1,0
2894477,1,1
28947335,0,1
28950974,1,1
28951619,1,1
28957994,0,0
28959377,0,0
28963835,1,0
28969307,1,1
28970257,1,1
28976459,1,1
289814,0,1
28989116,1,1
2900329,0,0
2901670,1,1
29039949,1,1
2904923,1,1
2905014,1,1
29051654,1,1
2906549,1,1
2906590,1,1
29066099,1,1
2906652,1,0
2906779,1,1
2906898,1,1
29069213,1,1
29072059,1,1
2907634,0,0
2907987,1,1
29080071,0,0
29086242,0,0
2908777,1,1
29088951,1,1
29095742,1,1
29100459,1,1
29108373,1,1
2910944,1,1
2911275,1,1
2912092,0,1
2913019,1,1
29136310,1,1
2914085,1,0
291470,0,1
29152819,1,0
29166850,1,1
291812,1,1
29183744,0,1
29184412,1,1
29187143,1,1
29188784,1,1
29191198,1,1
29191265,1,1
2919180,1,0
29194410,1,1
2919585,1,1
29203821,1,1
29208585,1,1
2921044,1,0
2921361,1,1
292193,1,1
2922379,0,1
29231359,1,1
2924213,0,0
29244476,1,1
292452,0,0
29245440,1,1
2924817,1,1
29258038,1,1
29261823,1,1
2926460,1,1
29275249,1,0
29295911,1,1
2931954,1,1
29326398,1,1
29329431,1,1
2933840,1,1
2933959,0,0
293419,1,0
2934347,0,0
2934579,1,1
29356973,1,1
29360217,1,1
293630,1,1
29363559,1,1
29367155,0,0
2937959,1,0
2939088,1,0
2939117,1,1
29392593,0,1
29392858,0,1
2939701,1,1
29404974,1,1
294153,0,0
29420055,1,1
29420532,1,1
29425562,0,0
2943250,0,0
2943999,1,1
29443072,1,1
2944595,1,0
29452,1,1
29452931,1,1
2945307,1,1
2945371,1,0
2946845,0,0
2947461,1,1
29474618,1,0
29476778,1,1
29484554,1,1
29496924,1,1
2949805,1,0
295002,1,1
2950791,0,1
2951105,1,1
29513377,0,0
295195,1,1
295246,0,0
29529284,1,1
29531524,0,0
29532149,1,0
2953608,0,0
2953717,1,1
29538986,1,1
295516,1,1
29559518,0,0
2956518,1,1
29567581,1,1
2956879,1,1
29569882,1,1
295708,1,1
2957260,0,1
29576372,1,1
2957953,1,1
2958128,1,1
2960620,0,1
29609154,1,0
2961731,0,0
2962184,0,0
2962462,1,0
29626694,0,0
296372,1,1
29649038,1,1
29649856,1,1
29649864,0,0
29650604,0,0
2965466,0,1
2966,1,1
29661711,1,1
2966345,1,1
29665884,1,0
2966623,1,1
2967599,1,0
2967804,1,1
2969240,1,1
29695133,1,1
29704943,0,0
2971127,1,1
2971506,1,1
2971860,1,1
2972011,1,1
2972152,1,1
2972249,1,1
2972309,1,0
29728421,1,1
2973117,1,1
29731915,1,1
29739420,0,0
29747124,1,1
29748317,1,1
29752772,1,1
29753957,1,1
29762014,1,1
2976274,1,1
2976315,1,1
29769019,1,1
29770743,1,1
29776168,1,0
2978656,0,0
29788997,1,0
29790715,1,0
2979365,1,1
2979704,1,1
29803,1,1
298100,1,1
2981859,1,1
2982665,1,1
29827747,1,1
298403,1,1
29841049,1,1
29844843,1,1
2987742,1,1
29880804,1,1
29884679,1,1
29891339,1,1
29892032,1,1
29894264,0,0
29897370,1,1
29900071,1,1
29918622,1,1
29922216,0,0
29924654,1,1
29926805,1,1
29933256,1,1
2997999,1,1
2998174,1,1
29997196,1,1
29999647,0,0
3000598,1,1
30009227,1,1
30019683,0,0
30022622,1,1
30024089,1,1
30031885,0,0
3004028,1,1
3004541,1,1
30052473,1,1
30052734,0,1
3006096,1,1
30069072,1,1
300692306,1,0
30071470,0,0
30076891,0,0
30078131,1,1
30078597,1,1
30081198,1,1
30081813,1,1
30087856,1,1
30094393,1,1
30109708,1,1
30125291,1,1
301307,1,0
301335,1,0
30135777,1,1
301393,1,1
301422408,1,1
30160355,1,1
30164399,1,0
30176723,0,0
30194597,0,0
30197167,1,1
30200601,1,1
3020886,1,0
3020895,1,1
3020947,0,0
30217753,0,0
30218735,1,1
30220822,0,1
3023929,1,1
30246122,1,1
3024883,1,1
30249305,1,1
3025046,1,1
3025638,1,0
3025999,1,0
30261627,1,1
30266122,1,1
30266441,1,1
30270150,0,1
30271763,0,0
302733,1,1
30278555,0,1
30278631,0,1
3028380,1,1
30287246,0,1
3029019,1,1
3029861,1,1
3030062,1,1
3030852,1,1
30315089,1,1
3031730,1,1
30327551,1,1
3033104,1,0
3033286,1,1
30341965,1,1
3034375,1,1
30346592,0,0
30355657,1,1
30360318,0,0
30372140,1,1
3037898,1,1
30385549,1,1
30391247,1,1
3039347,0,0
304011,1,1
30410734,1,1
30414568,1,0
3042571,1,1
304410,0,0
30441424,1,1
30443366,1,1
30458892,1,1
3046481,0,0
30467969,1,1
30473384,1,0
30473879,1,1
3047549,1,1
3047826,1,1
3048431,1,1
3048456,1,1
30485424,0,0
3049586,1,1
3050045,1,0
305082,1,1
30518289,1,1
3052294,1,1
3053361,0,0
3053494,1,1
30558453,0,0
3056122,1,1
305679,0,0
305700,1,1
3058971,1,1
30597205,1,1
306000,1,1
30617689,1,0
30621483,1,1
3062419,1,1
30624371,1,1
3063031,1,1
30648783,0,0
30670067,1,0
3068182,1,1
3068345,0,1
3069269,1,0
3069800,1,1
3069948,1,0
30700622,1,1
30706873,1,1
3071164,1,1
3071796,1,1
30720026,1,0
3073341,1,1
3073977,1,1
307617,1,1
3077132,1,1
3077745,1,1
3078525,1,1
3079242,1,1
3079295,1,1
30804582,1,1
30813606,0,1
30819193,0,0
308223,1,1
30823243,1,1
30830401,1,0
30832334,0,0
30855561,1,1
30857572,1,1
3086098,1,0
30896269,1,1
30898757,1,0
30899213,1,1
30906208,1,1
30911653,1,1
3091945,1,0
30919600,1,1
30925509,1,1
30931299,1,1
309383,1,1
3095467,1,1
30961173,0,1
30970027,1,1
30972604,1,1
3098951,1,1
30991435,1,1
30992312,1,1
30998883,0,0
31000920,0,0
31005555,1,1
310220,0,1
31026018,1,0
3104467,1,1
3105293,1,1
3106029,1,1
3106086,0,0
3106728,1,1
31095794,1,1
3109907,1,1
31103,1,1
3110665,1,1
31109793,1,1
31110398,1,1
311117,0,0
31118,1,1
31123989,1,1
3113622,1,1
3114117,1,1
3114534,1,1
3115091,1,1
31150948,1,0
31152043,1,1
31154718,1,0
31157819,1,1
31167326,0,0
3116829,1,1
31174916,1,1
31176003,1,1
31186710,1,0
31197883,0,1
31206265,1,1
312101,0,0
31213934,0,0
31233476,1,1
31235069,1,1
3123982,1,1
31241417,1,0
31249242,1,0
312687,1,1
31300794,1,1
3130170,1,1
31303653,1,1
31311822,1,1
31314012,0,0
31323322,1,1
31324702,1,1
31328005,1,0
3133614,1,1
31336827,1,1
313429,1,0
3135176,1,1
31387437,1,1
31388810,1,1
31390950,0,0
31393123,1,1
31393235,1,1
31404714,1,1
3141874,1,1
31418848,1,1
31427091,1,1
3144428,1,1
3144823,1,1
3145921,1,1
31462983,1,0
314634,1,1
31470081,1,1
3147215,1,1
31474345,1,0
3148313,1,1
314841,1,0
314941,1,1
314982,1,1
31501743,1,1
3150390,1,1
3150431,1,1
31505453,1,1
31510619,1,1
315128,1,0
31522535,1,1
31524407,1,1
3153111,1,1
315373,1,1
3154185,0,0
31573121,1,1
31573131,1,1
31577324,1,1
3158687,1,1
31600177,0,0
31605351,1,1
3161073,1,1
3161131,1,1
3161266,1,1
31627555,1,0
31630313,0,1
31642651,1,1
31645405,1,1
3165616,1,1
3165713,1,1
31664778,0,0
3167206,1,1
3167476,1,1
316753,0,1
31680865,0,1
31687237,0,0
3169143,1,1
31692486,1,0
31711984,1,1
31718198,1,0
31722160,1,1
317478,1,1
31768902,0,1
3176988,1,1
31770071,0,0
317705,1,1
31771409,1,1
31772993,0,0
31773737,1,1
31786047,1,1
31787358,1,1
31791804,1,1
31792865,1,1
31805686,1,1
31808367,1,0
31808376,1,0
3184403,1,1
3184495,1,1
31846152,1,0
318468,1,1
3185180,1,1
3187435,1,1
31875099,0,0
318754,0,1
31876278,1,1
31882668,1,0
31916077,1,1
31917002,1,1
31918367,1,1
31922614,0,0
3192505,1,1
3193811,1,1
31938964,0,0
319524,1,0
319551,1,0
31955199,1,1
31959288,0,0
3195989,1,1
31969596,1,0
3198079,1,1
32001583,1,1
3200326,0,1
3200474,1,0
3200627,1,0
32016208,1,1
32027241,1,1
3202861,0,1
32029263,1,0
32031581,1,1
32033435,1,1
3204975,0,0
3205249,1,1
32058751,1,1
3206581,0,0
32070498,1,1
3210146,1,1
32101653,0,1
32124813,1,1
3212494,1,1
32134,1,1
3213513,1,1
3214,1,1
3214526,0,1
32145630,0,0
32147159,1,1
32150349,1,1
32150421,1,1
32173944,1,1
32178012,1,1
32182172,1,0
32182940,1,1
32192227,1,1
322098,0,1
32226176,1,1
32227753,1,0
3223107,1,1
3224296,1,1
32250907,1,1
32251124,1,1
32267342,0,0
32270108,1,0
322748762,1,1
32283298,1,1
32286231,0,0
3228717,1,1
3229011,1,1
32290263,1,1
32293,1,1
32307732,1,1
32308098,1,1
3231147,1,1
32316797,1,1
3232066,1,1
32325782,1,1
3233061,1,0
32334105,1,1
32334388,1,1
32346255,1,1
32361528,0,0
32362265,1,1
32362790,1,1
32365384,1,1
3236804,1,1
3237197,1,1
3237380,1,1
3237690,1,1
3238173,1,1
3238282,1,1
3238420,1,1
3239450,0,0
3241517,1,1
32434314,1,1
3243473,1,0
3243580,1,0
32454330,0,1
32454478,1,1
32463986,1,0
32468533,1,0
32480247,1,1
32497406,1,0
32500852,1,1
3250333,1,1
32504748,1,1
32506567,1,1
3251366,1,1
3251402,0,0
3251887,1,1
3252095,1,0
32536312,1,1
32538768,1,1
32539157,1,1
3255334,1,1
3255960,1,1
32560998,1,1
32564361,0,0
32568690,1,1
3257422,1,1
3257471,1,1
32579288,1,1
32588,1,1
3259029,1,1
32594845,1,1
3259809,0,1
3260404,1,1
3261259,1,0
3261834,1,1
3262547,1,1
32628,1,1
3263175,1,1
32634800,1,1
3264022,1,1
32640449,1,1
326451,0,0
32648462,1,1
3265195,1,1
32653993,1,1
3265440,1,1
326623038,1,1
326626,1,1
32670917,1,1
3267279,0,0
326733,1,0
3267680,1,1
3268003,1,1
3271915,1,1
327504,1,1
327540,1,1
3275487,1,1
3276016,1,1
3276186,0,0
327668,1,0
32769083,0,1
32770979,0,0
3277329,1,1
327738,1,1
3277687,1,1
32778767,1,1
32786891,1,1
3278787,1,0
32788045,1,1
3278814,0,0
32798297,1,0
32812900,1,1
328152,1,1
32816861,1,1
3282298,1,1
32826794,1,1
32831532,1,1
32833711,0,0
32839384,1,1
32844536,1,1
32852821,1,1
32858662,0,0
32862283,1,1
3286699,0,0
32867884,0,0
32874,0,0
328759,1,1
32877720,1,1
3288381,1,1
3288918,1,1
32890736,1,1
3290206,1,1
3290565,1,1
32912125,0,0
32912738,1,1
3291416,1,1
3291933,1,1
32922501,0,1
32922541,1,1
32926651,1,1
32934865,1,1
32943034,1,0
32944438,1,1
3294824,1,1
3296034,1,0
3296208,1,0
3296395,0,0
32968236,1,1
3297465,1,1
32984970,1,1
3298587,1,1
3300105,1,1
3300325,1,1
3300676,1,1
33008406,1,1
33019297,1,1
3303043,0,1
33032949,1,1
33034000,1,1
33051109,1,1
33052128,1,1
330554,0,0
33062729,0,0
33074971,0,0
33078889,1,1
33083852,1,0
3308563,1,1
33089153,0,0
330914,1,1
3310064,1,0
33110154,0,1
3311037,1,0
33112520,1,1
3311736,1,1
3312167,1,1
33121706,1,1
33128337,1,0
33134901,1,1
3313636,1,1
33152493,1,1
33157871,1,1
3316055,1,0
331634,1,1
33165430,0,0
33166307,1,1
33167285,1,1
33198175,1,0
3319838,1,1
3320022,1,1
33200830,0,0
3320674,1,1
33206975,1,1
3321118,1,1
33215011,1,1
33222971,1,1
332327,1,1
33234635,1,1
3324983,1,0
33256672,0,0
33265832,1,1
33274995,1,1
332875,1,0
33296184,0,1
33301294,0,1
33303771,1,1
33316127,1,1
33316467,1,1
3332031,1,1
33335638,0,0
33336796,0,1
33337017,1,0
333389,1,0
3333965,1,1
33348116,1,1
33351848,1,1
3335881,0,1
33366239,1,1
3336663,1,1
33369558,1,1
3337020,0,0
33374039,1,1
3337630,1,1
33383710,0,0
33388379,1,1
33392655,1,1
33392703,1,1
333943,1,0
33398113,1,1
33399456,1,0
33401321,1,1
33418089,1,1
3342121,1,1
33422998,1,0
3342404,1,1
33425433,1,0
3343313,1,1
3343368,1,1
3343443,1,1
33435794,1,1
33439102,1,1
33443786,1,1
334446,1,0
334455,1,1
33445565,0,0
33457051,1,1
3346334,1,1
33464612,1,1
33465254,1,1
3347847,1,1
33482011,1,1
33483008,1,1
33485477,1,1
3348650,1,1
33489335,1,1
3348973,0,0
33499489,0,0
335067,1,1
335109,1,1
3353177,1,1
33537937,1,0
335425,1,1
33553538,0,1
3355878,1,1
3356285,1,1
335649,1,1
335659,1,1
3356782,1,1
335692,1,1
3357469,1,1
3357568,1,1
33578540,1,1
33578787,1,0
335836397,1,0
3358622,1,0
335899,1,1
33591640,0,0
33594843,1,1
33595,0,0
3360758,1,1
33607842,1,1
3360914,1,1
33612,0,0
33614893,1,1
3361825,1,1
3362116,1,1
3362250,1,1
3362360,1,1
33628775,0,0
33631004,1,0
3363176,1,1
3364966,1,1
33650703,0,0
33674651,1,0
3368158,1,0
33685127,1,1
3369011,1,1
3369289,1,0
3369296,1,1
3370528,0,0
33708572,0,0
33710973,1,1
33716827,1,0
33718435,1,0
337213,0,0
33722604,0,1
3372357,1,1
33728823,1,1
337437,1,1
3374623,1,1
3374753,1,1
3375260,1,1
33753379,1,1
3376494,1,1
33768060,1,1
33768866,0,0
3378501,1,1
33803637,1,1
338120,1,1
33815400,1,1
33826400,0,0
3383100,1,1
33841512,0,0
3385076,1,1
33850842,1,1
33852715,1,1
33869263,1,1
33874249,1,0
3387618,1,1
3387773,1,1
33883160,1,1
33899065,1,0
3389958,0,0
3390135,1,1
33910,1,1
33918942,1,1
33919694,1,1
3392474,1,1
33926268,1,1
339334,1,0
339400,1,1
33940815,1,1
3394923,1,1
33959817,1,1
33963065,1,1
33981405,1,1
339876,1,1
3399035,1,1
33990791,1,1
3399809,0,0
3400000,1,1
340009,1,1
3400596,1,1
3400874,1,1
34013198,1,1
34034071,1,0
34035634,1,1
34036285,1,1
3403868,1,1
34041328,1,1
34082418,0,0
34091235,0,0
341034,1,1
34109176,1,1
34113887,0,0
3411809,1,1
34133873,1,1
3413988,1,1
34152180,1,1
3415314,1,1
34153941,1,0
34156854,1,1
34171311,1,1
341745,0,0
34184583,1,1
3418666,1,1
3418672,1,1
34190368,1,0
34201909,1,0
34216720,1,1
34220,1,1
342267,1,1
34237771,1,1
34239551,1,0
34244,1,1
3425094,1,1
342511,1,1
3425153,1,1
342637,1,1
34264322,1,0
3426529,1,1
3426990,1,1
3427134,1,1
34271567,1,1
342733,1,1
34286898,1,0
34287176,1,0
34290358,1,1
34297827,1,1
3429984,1,1
3430429,1,0
343156,1,1
3431748,1,1
34333734,1,1
34334113,1,1
343345,1,1
343419,1,1
34343356,1,0
3434497,1,1
34347758,1,1
34351,1,1
3435408,1,1
34358535,1,1
343699,1,1
34377,1,0
3437977,1,1
34387514,1,1
344008,1,1
344014,1,1
34406728,1,0
3441171,1,1
34412304,1,1
3441420,1,1
34414321,1,1
3441538,1,1
34424868,1,1
34425602,1,1
3443125,1,1
34442803,1,1
34444009,1,1
34460,1,1
34465991,0,0
34466998,1,1
34470,0,0
34480211,1,1
3448131,1,1
34506637,1,1
34509746,1,0
3450980,1,1
3451285,1,0
3451443,1,1
34535012,1,1
3453958,1,1
3454081,0,1
34546633,0,0
3454674,1,1
345468,1,1
3455508,1,1
345633,0,1
3456367,0,1
34568608,1,1
345747,1,1
345851,1,0
3458769,0,0
34597072,1,1
34610610,1,1
3461345,1,0
3461535,1,1
34617120,0,0
346187,0,0
346292,1,1
3462998,0,0
34641861,1,1
3464501,1,1
3465150,1,1
34656775,1,1
3466652,0,0
34671056,1,1
34673573,1,1
34673758,1,1
3468225,0,0
3468745,1,1
3469285,1,1
34693630,1,1
3469640,1,0
3471689,1,1
34722787,0,0
3473860,1,1
34741060,0,1
34743571,1,0
3475297,1,1
3475843,1,1
34758681,1,1
3476064,1,1
34765583,0,0
3477073,1,1
3477642,1,1
347804,1,1
3478625,1,1
3479062,1,1
34802028,1,1
348119,1,1
34815661,1,0
3482045,1,0
3482470,1,1
3482484,1,0
3482843,1,1
34834073,1,1
3484828,1,1
3485079,1,1
348529,1,1
3487405,1,1
34876247,1,1
348775,1,1
3487837,0,0
34894,1,1
34900132,0,0
3490280,0,1
34908824,1,1
349116155,0,1
3492052,1,1
3492320,1,0
34950593,1,1
349577,1,1
3496216,0,1
34963348,1,1
34974655,0,1
3497634,1,1
3498274,1,1
3498690,0,0
349881,1,1
34993723,1,1
35000295,1,0
35006226,0,1
35011765,1,1
3501988,1,1
350205,1,1
3502086,1,1
3502179,1,1
3502231,1,0
3502713,1,1
35033060,1,1
3503582,1,1
3504647,1,0
35051329,1,0
3505212,1,1
3505498,1,1
3505907,1,1
35062074,0,0
35067712,0,1
350728660,1,1
35074775,1,1
35078110,1,0
3509081,1,1
3509227,1,1
35115666,1,1
351275,1,1
35127601,1,1
3513152,1,1
3513342,1,1
35137743,1,1
3514539,0,0
35153570,1,1
35162243,1,1
35202209,1,1
3520256,1,1
35202657,1,1
35204068,0,0
3520614,1,1
3521306,1,0
3522177,1,1
3523020,1,1
3523411,1,0
35260604,0,0
3529018,0,0
35293545,1,1
3530028,0,0
35301191,1,1
353017,1,1
35303331,0,0
35311765,1,0
35317842,1,1
35329081,1,1
353525,0,0
3535812,1,1
35360638,1,1
3536789,1,1
3537981,1,1
35380263,1,1
35395105,1,0
353980,0,0
35403,0,0
35407295,1,1
35412268,1,0
35415213,1,1
3543596,1,1
35437444,1,1
35443344,1,0
35449154,0,0
3545500,1,1
3545825,1,1
3546353,1,1
35467323,1,1
35469168,0,0
354750383,0,0
35478978,0,0
3548141,1,1
3548492,1,1
35487154,1,1
3548969,1,1
3549325,1,1
3549954,1,1
3550207,1,1
3551,1,1
3551055,1,1
35514368,1,1
3551743,1,1
35519133,1,1
35536369,1,1
3554320,1,1
35549641,1,1
35550001,1,1
355518329,1,1
3557672,1,0
35582302,1,1
3558859,1,1
35601405,1,1
3560227,1,1
35607736,1,1
35612865,0,0
3561492,1,1
35616967,0,0
35621655,1,1
35622441,0,0
3563078,1,1
35634371,0,0
3563589,1,1
35640554,1,1
356409,1,0
3564512,1,0
3565001,1,1
3565307,0,1
3566317,0,0
35663541,1,1
35667016,1,1
3566726,1,1
3566965,1,0
35670424,1,1
35673442,1,1
3567812,0,1
3568443,1,1
3568964,1,1
3569560,1,0
35696,1,0
3569606,1,1
35699,0,0
35701754,1,0
35712745,0,0
3571285,1,1
3572169,1,0
3572403,1,1
35725110,0,0
35733948,1,1
3573715,1,1
357440,0,0
3575073,1,1
3575739,1,1
3576157,1,1
357621,0,0
35762959,1,1
35763774,1,1
3577000,1,1
35770127,1,0
35771344,1,1
3577275,1,1
35784523,1,0
35791925,1,1
35798027,1,1
3580214,1,1
358060,1,1
3580613,1,1
35831317,1,1
358317,0,1
3583475,1,0
35837648,0,0
35847823,1,1
35850971,1,1
3585143,1,1
35860657,1,1
35862296,0,0
3586736,1,1
3587303,1,1
3587651,1,1
3587928,1,1
35880580,1,1
35881457,0,1
35881567,1,1
3589509,0,1
35904405,1,1
3590463,1,1
359061,1,0
3590959,0,0
3591227,1,1
35921766,1,1
35922903,1,0
3592489,1,1
35933949,1,0
3594038,1,1
359567,1,1
35959836,1,0
359680,1,1
3597631,1,1
35990,1,1
35996,1,1
3599954,1,1
3599967,1,1
36005988,0,0
3600998,1,1
3601321,1,1
360191,1,1
36035271,1,1
36049816,1,1
3605059,1,1
3606011,1,1
36064439,0,0
3606671,0,0
360762,1,1
3608739,0,0
3609156,1,1
36095373,1,1
3609875,1,1
36102814,1,1
3611725,1,1
36118522,1,1
36122190,1,1
3612822,1,1
36145469,0,0
36148380,0,0
3614851,1,1
3615111,1,1
3615336,1,1
3615492,1,1
3615648,0,0
3616006,1,1
36161565,1,0
36170343,1,1
36180100,1,1
361803,0,1
3618357,1,1
36185903,1,1
36195563,1,1
361957,0,0
3619699,1,0
36215895,1,1
3622411,1,1
36225398,0,0
36226472,1,1
36227,1,1
36238214,1,1
36244957,1,1
3624638,0,0
36248575,1,1
36252273,0,0
36252636,1,0
36253458,1,1
3625354,1,1
36257025,1,1
3626090,1,1
362688,1,1
3626909,1,1
3627378,1,1
36274320,1,1
3627459,1,1
3628095,1,1
3629473,1,0
3630025,0,0
3630682,1,1
36320775,1,1
36323205,0,0
3632414,1,1
3634492,0,0
363527,1,1
36354171,1,1
36368629,1,1
3637213,1,0
36376075,0,0
363813,1,1
3638670,1,1
36395544,1,1
36400093,1,1
3640420,1,1
364089,1,1
36411719,0,0
3641820,1,1
3642231,1,0
364361,1,1
364397,1,0
3644119,1,1
3645299,0,0
3647142,1,1
36474043,0,1
364756,1,1
36486019,1,1
36496898,0,0
36499006,1,0
365132,0,0
36518108,1,1
36520547,1,1
3653269,1,1
365429,1,1
3654777,1,0
3655099,1,1
365546604,1,1
36567021,1,1
3657143,1,1
3657186,1,1
3659456,0,0
3660139,1,1
36606761,1,1
36607542,0,0
366098,1,1
3661352,1,1
366175,1,1
36620716,1,1
3662879,1,1
36658239,0,1
36679987,1,1
36691951,1,1
36694791,0,1
3670161,0,0
367159,1,1
36717393,1,1
36727569,1,0
3673040,1,1
367344,1,0
3674694,1,0
36750751,1,1
36791388,1,1
3680193,1,1
36820091,0,1
3682535,1,1
3683009,1,1
36831763,1,1
3683729,1,1
3684067,1,1
3687236,1,0
3687665,1,1
36884329,1,1
3688501,1,0
36885933,1,1
36887180,0,0
36913240,0,0
36917726,1,1
3691798,0,0
3692542,1,1
369385,1,1
3693861,1,1
3694316,1,1
36950592,1,1
36961822,0,0
36963726,1,1
3696832,1,1
37002767,1,1
370228,1,1
3702590,1,1
37027431,1,1
3703244,1,1
37037341,1,1
37043736,1,1
3705189,1,1
3705445,1,1
37055210,1,1
3705528,1,0
37058296,1,1
370686,1,1
3707337,1,1
3707662,1,1
370776978,1,1
37078290,1,1
37081522,1,0
37087967,1,1
3709152,0,1
3709238,0,1
3710518,1,0
3711123,1,1
37113162,1,1
37119,1,1
37133586,1,1
37138224,1,1
37145019,1,1
3715991,0,0
37167243,1,1
3717163,1,0
3717362,1,1
37178779,1,1
371838,1,0
37186196,1,1
371879,1,1
371992,1,0
37222230,1,1
37227788,1,0
3724078,1,0
37244293,1,1
37246,1,1
372473,1,1
3724899,1,0
37265005,1,1
3726626,1,1
372669,1,0
37269618,1,1
37273885,0,1
37279194,0,0
3728301,1,1
37291,0,0
3729246,1,0
3729718,0,0
3730105,1,1
3730174,1,0
37308269,1,0
3730952,1,1
37332533,1,1
3733483,1,0
37338395,1,1
37345598,1,0
37345806,0,0
37348283,1,1
37354483,1,0
373550,1,0
37356353,1,1
373903,1,1
3739462,1,1
37402123,1,1
37412538,1,1
3741296,1,1
37414507,1,1
374320,1,1
37436156,1,0
3744112,1,1
3744221,1,1
3745666,1,1
3746675,1,1
37471421,1,1
3747993,1,1
3748141,1,1
3750686,1,1
37509321,1,1
3751233,1,1
375168,1,1
37520397,1,1
3752743,1,1
37542375,1,0
37549354,1,1
3755345,1,1
3755883,1,1
3756392,1,1
375650,1,1
37572248,1,1
37577,1,1
375805,1,1
3758113,1,1
3758576,1,1
3758610,0,0
37619432,1,1
37628204,1,1
3763547,0,0
37670,1,1
37670020,1,1
3767035,1,1
37674572,0,1
37707570,1,1
3771393,1,1
3771909,1,1
37733643,1,1
3774524,1,1
3775457,1,0
37755145,1,1
3775586,1,1
3776157,1,0
37777526,1,1
37792707,1,1
37793141,0,0
3780230,1,0
378028,1,0
37806886,1,1
37808739,1,1
3781608,1,1
37817967,0,0
37818625,1,1
3783454,1,1
3783455,1,0
3785077,1,1
37873981,0,1
3787409,1,1
3788378,1,0
3788895,1,1
3789177,1,1
379042,0,0
37904489,1,1
37920841,1,1
37945445,1,1
37968,1,0
3797845,1,1
3798250,1,1
379827,1,1
37994821,0,1
37999982,1,1
3800399,1,0
38018081,1,1
38021665,1,1
380223,0,0
380360,1,0
38042163,1,1
38047506,0,0
38047810,1,1
38051076,0,1
3805319,1,1
380698,1,1
3807063,1,1
3807826,1,1
38080691,1,1
3811085,1,1
381166,0,0
38128,1,1
381302,1,1
3813437,1,1
3815629,1,1
3815653,1,0
38160417,1,0
38162408,1,0
38173553,1,0
3818386,1,1
38184630,1,1
38185886,1,0
382012,1,1
3820418,1,0
38209,1,1
382248,1,1
3824212,1,1
3825914,1,1
38262216,1,0
3827369,1,1
3828859,0,0
3830381,1,0
38309333,1,1
38309895,1,0
3832100,1,1
3832417,1,1
3833281,1,1
38333372,1,1
38336963,1,1
3834182,1,1
38343828,1,0
3835297,1,1
3835324,0,0
3836049,1,1
383795,0,0
3838828,0,0
3839695,1,1
3840572,1,1
38411448,1,1
38417,1,1
38418,0,1
38419759,0,0
38432048,1,1
38434498,1,1
38435396,0,0
3843862,1,1
38439376,1,1
38451338,1,0
3846211,1,1
38466171,1,1
38466513,1,1
384675,1,1
3847224,1,0
38478983,1,1
3848229,0,1
38508555,1,0
385243,1,1
3852693,1,1
3852804,1,1
3853811,1,0
3854403,1,1
3854700,0,0
3855130,0,0
38560853,1,1
38566761,1,1
38569305,1,1
38570070,1,1
3857242,1,0
3857889,1,1
385799,1,1
3857992,1,1
38590418,1,1
38593772,1,1
38595788,1,1
38597313,1,1
3860651,1,1
38606638,1,1
386080,1,1
3861317,1,1
3861727,1,1
38623119,1,1
38630175,1,0
38648897,1,1
386528824,0,0
3865658,1,1
38664114,1,1
38667012,0,0
3867214,1,1
38675942,1,0
38676924,1,1
3867981,1,1
3868420,0,0
3869457,1,1
38707785,1,1
3871206,1,0
38712947,1,1
38717807,0,1
38735483,1,1
3874255,1,1
38755,1,1
38756945,0,0
38768030,1,1
3877,0,0
38771559,1,1
38771671,1,1
3877254,1,1
38775414,1,1
38784647,1,1
3880601,1,1
38807490,0,1
38808129,1,0
38810244,1,1
38817787,1,1
3882170,1,1
38821761,1,1
3882951,1,1
3883327,1,1
3883658,1,1
38837666,1,1
3885054,1,1
3885240,1,1
3885337,1,1
3885352,1,1
38854266,1,1
38863262,1,1
3887155,1,0
38872586,1,1
38874845,0,0
3887795,0,0
3888642,1,1
3891560,1,0
3892607,1,0
38926164,1,1
38953466,1,1
3896436,1,1
38971000,1,1
38973215,1,1
3898443,1,1
38986151,1,1
3899123,1,1
38993520,0,1
3900627,1,1
39006567,1,1
39008214,1,1
39014798,1,0
3901727,1,1
39021861,1,1
3902202,1,1
39022867,1,1
3902389,1,1
39037188,1,1
3904488,1,0
39045758,0,0
39055902,1,1
39057672,1,1
3906368,1,1
39064779,0,0
39065098,1,1
39066349,0,0
39066589,1,1
3907045,1,1
3907721,1,1
3908909,1,1
3910145,1,1
3910499,1,1
39110333,1,1
3912027,1,1
39126496,1,0
3913126,1,1
39144510,1,1
39148154,1,1
391497548,1,1
39158229,1,1
39164508,1,1
39167751,1,1
3917635,1,1
3920554,0,0
39210,1,1
3921098,1,1
3921311,1,1
3921425,1,1
39216730,1,1
3922315,1,1
3922766,1,1
3923659,0,0
39246576,1,1
3925710,1,1
3926529,1,1
39287293,0,0
39291527,1,1
39297,1,1
3929874,1,0
3930159,1,1
39303391,0,0
39304077,1,1
3931738,1,1
3933596,1,1
39343584,1,1
39344931,1,1
39347480,1,1
3934909,1,1
3936245,1,1
393645,1,1
3936812,0,0
39377,1,1
3937730,0,0
39380989,1,1
39386538,0,0
393996,1,1
3940198,1,1
39413507,1,1
39433733,1,0
3943526,1,0
39436,1,1
3944380,0,0
3944785,1,1
3948288,1,1
394845,1,1
3948602,1,1
3949486,0,1
39516640,1,0
39532,0,0
3953725,1,1
3954962,1,0
3955054,1,1
3956086,1,1
3956320,1,1
39623983,1,1
39661195,1,1
39690,1,0
39690181,1,0
3970593,1,1
3972371,1,0
39726961,1,1
39744497,1,1
3974497,0,0
39774517,1,1
3977664,0,0
3977987,1,1
39788008,1,1
39788660,1,1
3979568,1,1
39795788,0,1
39797277,1,1
39808300,1,1
39808689,1,1
39808775,1,1
3982176,1,1
3982624,1,1
3983859,1,1
3983870,1,1
39843380,1,0
39851887,1,1
39855142,1,1
3985601,1,0
3987249,1,1
39872747,1,0
3988413,1,1
39894415,1,1
3990038,1,1
39901710,0,0
39902911,1,0
3990637,0,0
3992073,1,1
39926134,1,1
3992907,1,1
3993661,1,1
3993821,1,1
3994301,1,1
3994730,1,1
3994864,0,0
39959866,1,1
39959949,0,0
3996512,0,0
39971154,1,0
39981233,1,1
3998465,1,1
39996829,0,0
4001692,1,1
40020647,1,1
4002643,1,1
40028415,1,1
40035167,1,1
40042950,0,0
40047169,1,1
400520,1,1
40057327,0,1
4006454,1,1
40064648,1,1
400678,1,1
400849,1,1
40086731,1,1
40101740,1,1
40114692,1,1
4013642,1,1
4013852,1,1
40146339,1,0
40146982,1,1
40147772,1,1
4015207,1,1
4016366,1,1
40174640,1,1
4017467,0,0
40181244,0,0
4020007,1,0
4020300,1,1
4021346,1,0
4022863,1,1
4022884,1,0
40242163,1,0
4024429,1,1
4024861,0,0
40252311,0,0
40260442,1,1
40260988,1,1
40261775,1,1
40272334,1,1
4028400,1,1
4028420,0,0
4030162,1,1
40319051,1,1
4032093,1,0
40322691,0,0
4033697,1,1
4037245,1,1
4038156,1,1
4038168,1,1
4038832,1,1
40414912,1,1
4041564,1,1
4041612,1,0
4041736,0,1
40419178,1,1
4042504,1,1
404274,0,0
40432405,1,1
4045356,1,1
40457982,0,0
4045843,1,1
4046222,1,0
40467228,1,1
4047301,1,1
4047857,1,0
4048651,1,1
40500798,1,1
40517522,1,1
405176,1,1
40551212,1,1
40558598,1,1
40569801,1,1
40571568,1,1
40588517,0,0
4059658,1,1
40606058,1,1
40610675,1,1
406171,1,1
40644180,1,1
40648034,1,0
40654328,1,0
4065904,1,1
40664735,1,0
4067416,1,1
40689639,1,1
4069058,1,1
4069270,1,1
4069334,1,1
4069444,1,1
406974,1,1
40698747,0,0
4069934,0,0
4071436,1,1
40715286,0,0
4072255,1,1
4072907,1,1
4073164,1,0
40734686,0,0
4074795,1,1
4074967,0,0
4075928,1,0
40759326,1,1
4076609,1,1
40771195,1,0
40773696,1,0
40800932,1,1
4080830,1,1
4080980,1,1
40818473,1,1
4082206,1,1
40828000,0,0
40832838,0,1
40834832,1,0
40843673,1,1
4084843,1,1
4084927,1,1
40850493,1,1
4085229,1,1
4085695,1,1
40872347,0,0
40880307,1,0
4088534,1,1
40908214,1,1
40926805,1,1
40947088,1,1
4096022,1,0
40985046,1,1
40993622,1,0
41030,0,0
41033796,1,1
41047959,1,0
41059155,0,1
41083292,1,1
4108865,1,1
41089998,1,0
4109447,1,1
410960,0,0
41109198,1,1
4111909,1,1
4112310,1,1
4113707,0,0
41151073,1,1
4115711,1,0
4115769,1,1
41162480,1,1
4116548,1,1
4116634,1,1
41175948,1,1
41178266,1,1
41179348,1,0
41186338,1,1
41186533,0,1
4119578,1,1
4120680,1,1
4120788,1,1
41209779,0,0
412215,1,1
4122370,1,0
4125064,1,1
41255235,1,1
412646,1,1
4127898,1,0
41288830,1,1
41296238,1,1
41305846,1,1
4130896,1,1
41311,1,1
41325520,0,0
41329772,1,1
4135737,1,0
413591,1,0
41362683,1,1
4137097,0,0
41376304,1,1
4137774,1,1
4138988,1,1
41390029,1,0
41390049,1,0
413952,1,1
41403031,1,1
414060724,1,1
4141746,1,1
4143624,1,1
41466938,1,1
41468149,1,1
4147794,1,1
4150442,0,0
41515189,1,1
41525938,0,1
41532662,0,0
41533792,1,1
41538295,1,1
41542833,1,1
4154467,0,0
415530,0,0
4155766,1,1
4156568,1,1
4156879,1,1
41570403,1,1
4157355,1,1
41579666,1,1
4158060,1,1
4159168,1,1
4159312,1,1
41595042,1,1
41599732,1,1
416090,1,1
4162329,1,1
4163242,1,1
4163409,1,1
4163474,1,0
4163776,1,1
41642232,1,1
41643170,1,1
4164376,1,1
4164930,1,0
4165543,1,1
41659512,1,0
41672713,1,1
4168809,1,1
417034,1,0
4170863,1,1
4170898,1,0
41713287,1,1
4174011,1,1
4174248,0,0
41749161,1,1
4175133,1,1
41762862,1,1
41765627,1,1
41778478,1,1
4177868,1,1
4177922,0,0
41779973,0,0
417878,1,0
417999,1,1
4183082,1,1
4183207,1,1
4183522,1,1
4184021,0,0
4184932,1,1
4184950,0,1
418570,0,0
41870250,0,0
4187125,1,1
41874616,1,1
41881734,1,1
4189252,1,1
41901202,0,0
4190980,1,0
4191120,1,1
4191279,1,1
41923502,0,0
4192770,1,1
4193379,0,0
41945201,0,0
41945831,1,1
41946221,0,0
41952851,1,1
41953977,1,1
41957285,1,1
4195923,1,1
41966156,1,1
41976608,1,1
4197690,1,1
419851,1,0
41995474,1,1
4200067,1,1
4200126,1,1
4200763,1,1
4201612,1,1
42016244,1,1
4203925,1,1
42075027,1,0
4208740,1,1
420981,1,1
42099448,1,0
42120874,1,1
42123340,1,1
42123543,1,1
4212614,1,1
4214599,0,0
4215896,1,1
42162422,0,1
42165265,0,1
42166876,1,0
42179325,0,1
4218625,0,0
42206215,1,0
4221644,0,0
4222373,1,1
422270,1,0
4222867,1,1
422374957,1,1
4223839,1,0
4224571,1,0
422499,1,1
422644,1,0
42265181,0,0
4226553,1,1
4227743,0,1
4231309,0,0
4233458,1,1
42343656,0,1
42352463,1,1
42369550,1,1
4237854,1,1
4239202,1,1
4240518,0,0
42420353,1,0
4242195,1,0
42424490,1,1
42429805,1,1
4243997,1,1
42440948,1,1
4245213,1,1
4245340,1,1
4246612,0,0
424668,0,0
4247989,1,1
42481175,1,1
42504414,0,1
42504878,1,0
4250981,0,0
4251895,1,1
4253220,1,1
4254525,0,0
42555959,1,1
42562162,1,1
4256341,1,1
42565359,1,0
42570,1,1
4257883,1,1
42579990,1,1
42583923,1,0
425869,1,1
42589533,1,1
4259652,1,1
42601627,0,1
4260435,1,1
4260788,1,1
42616759,0,0
4262280,0,0
4262617,0,0
4262868,1,1
4264084,1,1
4265217,1,1
42656,1,1
42666539,1,1
42678208,1,1
42686074,1,1
42693796,1,1
42699597,1,1
4270299,1,1
4272475,1,0
42744193,1,0
42752347,1,1
4275420,1,1
4275455,1,1
427577,1,1
42784531,1,0
42785706,1,1
4278853,1,1
4280096,1,1
4280420,1,1
4281035,1,1
4281113,1,1
4281678,1,1
42823789,1,1
42832043,1,0
42838816,0,0
42853363,1,1
4285498,0,0
42876354,1,1
4287780,1,1
4288537,1,1
428976,1,1
42898,1,1
4289886,1,1
42900690,1,0
4290880,1,0
4291429,1,1
4291433,1,0
42922300,1,1
4293287,1,1
4293970,1,1
42941996,1,1
4294896,1,1
4297096,1,1
4297147,1,1
429921,0,0
43002678,1,1
4300370,1,1
43010589,0,1
4301590,1,0
4303042,0,0
4303141,1,1
430394,0,0
4304195,1,0
4305709,1,1
43057799,1,1
4306340,1,1
43064,0,0
43075800,1,1
4307776,1,1
43078,1,1
43098175,1,1
4310440,1,1
4312332,0,0
43137292,1,1
43148147,0,0
4314880,1,1
4315022,1,1
43156826,1,1
43171613,1,1
43175402,1,1
43178769,1,1
4319856,0,0
4320509,0,0
4321217,0,0
4321958,1,0
4323773,1,1
43246053,1,1
4325707,1,1
4325959,1,0
4326670,1,1
43273039,1,1
4330107,1,1
4330879,1,1
4331453,0,1
43322223,0,0
43332270,1,1
4333259,1,1
43342336,0,0
43345619,1,1
433635,1,1
43387,1,0
43390263,0,0
43404430,1,1
4340501,1,1
4341433,1,1
4342020,1,0
4342813,1,1
43434136,1,0
4343435,1,1
43435727,1,1
4344,1,1
43449258,0,0
434539,1,1
4345921,1,1
43464895,0,0
43465715,0,1
4346633,1,1
4347434,1,0
43492395,1,0
43492531,1,1
43496781,1,1
434974,1,0
435001,0,1
4350883,1,1
435129,1,1
4351832,1,1
4353138,1,1
4353262,1,1
4353812,1,1
43539639,1,1
43546916,1,1
43548447,0,0
435514,0,1
435569,1,1
4358325,1,1
43585230,1,1
4358566,1,1
4358855,1,1
4359888,0,0
43604976,1,1
4361070,0,1
4362384,1,1
4364158,1,1
43645238,1,1
4364728,1,1
43652428,1,1
4365275,1,1
43656873,0,1
4365763,1,1
43663957,1,1
4367370,1,1
4367371,1,1
43674349,1,1
43679298,1,1
4368341,1,1
43687566,0,0
4369703,1,1
436979,1,1
43704471,1,1
4370666,1,1
4372247,0,0
43726539,1,0
4374392,1,1
4374600,1,1
4375755,1,1
4375967,1,1
4378229,1,1
4378973,0,0
4378997,0,0
438215,1,1
43827939,1,1
4382935,1,1
43833127,1,1
43838055,1,1
43845840,1,1
43849181,1,0
4387081,0,0
43880812,1,1
4389151,1,1
4391827,1,1
4392054,1,1
43926970,1,1
43933917,0,1
4395265,0,0
4396493,1,1
4398337,0,0
4398447,1,1
4398610,1,1
43987910,1,0
4399011,0,1
439975,1,1
4401214,1,0
4401303,1,1
440165,0,0
440420,1,0
4404257,1,1
44044244,1,1
44047974,1,1
44053519,1,1
4408667,1,1
44096423,1,0
4409784,1,1
4410987,1,0
4411155,1,1
4411438,1,1
441175,1,0
4412306,1,1
44130559,1,0
4413377,1,1
44145840,1,1
4415077,1,1
44165092,0,1
4417356,1,1
4417437,1,0
44176213,1,1
44177715,1,1
4418104,0,0
44202983,1,1
4422485,1,1
44232768,1,1
44237,1,1
4425504,1,1
44258500,1,1
44259619,0,1
4426170,1,1
44277546,1,0
4428245,1,1
44284329,1,1
4429239,1,1
442990,1,1
44320403,1,1
4432399,0,0
4432855,1,1
4433625,0,1
4434050,0,0
4434650,1,1
4434992,1,1
44353843,1,1
4436168,1,1
4437726,1,1
4439714,1,1
44419652,1,1
44421123,1,1
4442975,1,1
44431800,1,1
44440782,1,0
44443394,1,0
44459996,1,0
4447516,1,1
44491,1,1
44499,0,0
4451380,1,1
4452171,1,1
4452231,1,1
44528506,1,1
44537785,1,1
44553666,0,0
44559353,1,0
4456549,1,1
4456813,1,1
4457212,1,1
4459347,1,1
44605744,0,0
4462047,1,1
446214,0,0
44622869,1,1
4462296,1,1
4462612,1,1
44636596,1,1
44639857,1,1
44657771,1,0
4466069,0,0
4466159,1,0
4467290,1,1
4467385,1,1
44674537,1,1
4467661,1,1
4467787,0,0
44681744,1,1
4468679,1,0
44689046,1,1
4469709,1,1
4469797,1,1
44700932,1,1
4472596,0,1
4473536,1,1
4473740,1,1
44741019,1,1
4475459,1,1
4475818,1,1
4476292,1,1
44770798,1,1
4479129,1,0
4479678,1,1
448017,0,0
4481444,1,1
4481981,1,1
4483971,1,1
4484217,1,1
44845050,0,0
448504,1,1
448598,1,0
4490381,1,1
4490792,1,1
4490922,1,1
4491619,0,0
449198,1,1
4492157,1,1
44926987,1,1
449305,1,1
44930837,1,1
44940114,1,1
4494536,1,1
4495077,1,1
449569,1,1
44960017,1,0
44965832,1,1
44983417,1,0
44987070,0,0
4499033,1,1
4501350,1,0
4505240,1,1
4505606,1,1
45058394,0,0
45063829,0,0
450659,1,1
4507791,1,1
45079875,0,0
45080155,0,0
450841,1,1
4508452,1,1
45086863,0,1
45088431,1,1
4509088,1,1
45095577,1,1
45095696,1,1
4509811,1,0
4509829,1,0
45106801,1,1
4511131,1,1
4511684,1,1
451174,0,0
4511882,1,1
45119006,1,1
4514686,1,1
45155005,1,0
45159433,1,0
4516621,1,1
45170891,1,1
4517355,1,0
45181619,1,1
45184,1,1
4518766,1,1
4520174,1,1
45204787,1,1
4521078,1,0
4523285,1,1
4523567,1,1
452417,0,1
4524671,1,1
45257513,1,0
4525975,1,1
4528234,0,0
4528421,1,1
45296503,1,1
45298543,1,1
45300023,1,1
453024,0,0
4530429,1,1
4531465,0,0
45322089,1,0
453407,1,1
4534134,1,1
4534563,1,1
4534622,0,0
4537060,1,0
4537102,1,1
4537351,1,1
45381214,0,0
45392833,1,1
453941,1,1
4540490,1,1
4541826,1,1
4542282,1,1
45429854,1,1
4543004,1,0
45454592,1,1
45456692,1,1
4548546,1,1
45499112,1,0
45507476,1,0
4551648,1,1
45520065,1,1
4552033,0,0
4552372,0,1
45543083,1,1
45556659,1,1
45566,1,0
455686,1,1
4557707,0,0
45581271,0,0
4560370,1,1
45606632,1,1
4561130,1,1
4561176,1,0
4561222,1,1
4561224,1,1
45617334,1,0
4563485,1,1
45635786,1,1
45677411,1,1
4568150,1,1
4568596,1,1
4569309,1,0
456972,1,1
45700082,1,1
45701671,1,0
4570680,0,1
4570913,1,1
4571404,1,1
457369,1,1
4577166,1,1
45782471,1,1
4579441,1,1
4582479,1,1
4583251,1,0
45841,1,1
4586277,0,0
458633,1,1
45893784,1,1
45932372,0,0
459464,0,0
4594914,1,1
459492,1,1
4595707,1,1
4596207,1,0
4597789,1,1
4598530,1,1
45988579,0,0
459917,1,1
45997839,1,0
46010915,1,1
460279,1,1
4603263,1,0
4603565,1,1
4603767,1,1
46043,0,0
4604354,1,1
4604565,0,0
46057386,1,1
4605802,1,1
4608686,1,1
4608723,1,1
4609380,1,1
46100907,0,0
4610112,1,0
461201,1,1
4612547,1,1
46126449,1,1
461274,1,1
4613388,1,1
46141144,1,0
4614140,0,0
46144203,1,1
4614793,1,1
4615876,0,0
46166,0,1
461686,1,1
4618983,0,1
4619974,1,0
4621269,1,1
4621391,1,1
462260129,1,1
46237908,1,1
46255356,1,1
4626158,1,1
46261762,1,1
4626779,1,1
4627097,1,1
4627631,1,1
462815,1,0
46325296,1,1
46325699,1,1
463320,1,1
463533,1,1
4636532,1,0
4637165,1,1
4637681,1,1
4637841,0,0
4639982,1,1
46421615,1,0
4644448,1,1
464465,0,1
464502,1,1
4645073,1,1
46453139,1,1
464586,1,0
4646345,1,1
46482971,1,1
465039,1,1
465131972,1,1
465353,1,1
4654286,1,1
465929252,0,1
4659629,1,1
46600978,1,1
466070,0,1
4663280,1,1
46645837,1,1
466501,1,1
46653960,1,1
4668262,1,0
4668293,1,1
4668457,1,0
466850,1,1
466874,1,1
4670516,1,1
467075,1,1
4673931,1,1
4674996,1,1
46750258,1,1
46752,1,1
467766,0,0
4678746,1,1
4679013,0,1
467906,1,1
46793018,1,1
4679928,1,1
4680523,1,1
46813281,1,0
4681397,0,0
4682008,1,1
46820796,0,0
4682794,1,1
46829492,1,1
4684088,1,1
4684146,0,1
46842368,1,1
46848259,1,1
4686502,1,1
4686823,0,1
4687633,1,1
46886866,1,1
4689007,1,1
46896842,0,0
4691181,1,1
46913933,1,1
4692338,1,1
4692408,1,1
4692720,0,0
46933063,1,0
4697440,1,0
4698795,1,1
4699053,1,1
469980,1,0
47001671,1,1
470277286,1,1
47032172,0,1
4703989,1,1
4705019,1,0
4705286,1,1
4707457,1,0
470790,1,1
4708717,1,1
4709026,1,1
470924,1,1
4710143,1,1
4711677,1,1
471170,1,1
47119025,1,1
4713052,1,1
4713063,1,1
4713130,1,1
4714804,1,1
4715345,1,0
47170529,1,1
471710,1,1
471724,0,1
47178473,0,0
4719435,1,1
4720653,1,1
4721185,1,1
4721525,0,0
4721793,1,1
4723721,1,1
4724144,1,1
4724513,1,1
4725413,1,1
472637049,0,1
4726523,1,1
4727325,1,1
4727832,1,1
4728767,0,0
4729120,0,0
47292132,1,1
47293220,1,1
472937,1,1
473248,1,1
47329696,1,1
4734023,1,0
473460,1,1
4735763,0,0
4736155,1,1
4737852,1,1
4738059,1,1
47389838,0,0
4739449,1,1
473972,1,1
474031,1,1
47403528,0,1
47407358,1,1
47411197,1,0
4741477,1,1
47419518,1,1
474327,1,0
4743343,1,1
474585,1,1
4745928,1,1
4746594,1,1
47470035,0,0
47483009,1,0
47492916,1,1
47495308,1,1
4750372,1,1
47514197,1,1
4753512,1,1
47535649,1,1
47551492,1,1
4756052,1,1
4756215,1,1
4756354,1,1
4756516,1,1
47589584,1,1
47595998,1,1
4759995,1,1
4760485,1,1
4760530,1,1
4760688,1,1
47608618,0,0
476122,1,0
4761587,1,1
4762664,1,1
4762963,0,0
47640560,1,0
4764081,0,0
47641526,0,1
47642,1,0
4765160,1,1
47663568,1,1
47695219,1,1
4769621,0,0
47708737,1,1
4770890,1,1
47726222,1,1
47726870,1,1
4773093,1,1
4773786,1,0
477583124,1,1
4776773,1,1
47781192,1,1
4778355,1,1
47809355,1,0
47811302,1,1
4783356,1,1
4783661,0,1
478408,1,1
4785296,1,0
47869831,1,1
47874566,0,0
47882398,1,1
47884126,1,1
47886525,1,0
47888962,1,1
4790758,1,1
4792911,1,1
47932812,1,0
4794170,1,1
47959967,0,0
4798530,1,1
47986495,0,0
4799228,1,1
47992402,1,1
4800548,1,0
4801435,1,1
48027291,1,0
48033688,1,1
4804325,1,1
48044371,1,0
4804598,1,1
4805748,1,1
4805928,0,0
48064718,1,1
48067286,1,1
48080,1,1
48086183,0,0
4809138,1,1
4810270,1,1
48103318,1,1
481342,1,1
48136212,1,1
48139214,0,0
48142145,1,1
481495,1,1
48155167,1,1
4815819,1,1
4816739,1,1
48197602,1,1
48218049,1,1
482616,0,0
48262958,1,1
48267115,1,0
48271114,0,1
48281710,1,1
4828267,1,1
48300442,1,1
48301739,1,1
483019,0,0
483108,1,0
4831797,1,0
4834034,0,0
4834065,1,1
4834855,1,0
483510,1,0
48359569,1,0
4836806,1,1
48387717,0,0
4839437,0,1
4839859,1,1
4839893,1,1
4840043,1,1
48432523,1,1
4844,1,1
48445624,1,1
48446913,1,1
4847112,0,0
4847270,1,0
4848032,1,1
48486504,1,0
4849947,1,1
48516990,1,1
485216,1,1
4852722,1,1
48534288,0,1
4854849,0,0
48552546,0,1
4855940,1,1
4856039,1,1
48575,1,1
4858010,1,1
4858814,1,1
4859858,1,0
4861303,1,1
4861345,1,1
48635968,1,1
48640384,1,1
48646245,1,1
48646528,0,0
4866342,1,1
4866707,1,1
48674524,0,0
486866,0,1
4868952,1,1
486938,1,1
48737267,1,1
48738963,1,1
48748184,1,1
4875145,1,1
4875768,1,1
4875821,1,1
48759122,1,1
4876525,1,1
487760,1,0
48787130,1,1
487880,1,1
48792271,1,1
4882202,1,1
48833758,1,0
48844490,1,1
4885171,1,1
4887724,1,1
48904962,1,1
4892765,0,0
4893455,1,1
4893971,1,0
48942129,1,1
4894354,1,1
48949202,1,1
4896609,0,0
490002,1,1
4901288,0,0
4901416,1,1
49029965,1,1
49037043,1,1
4904507,1,1
49062738,1,1
4907789,1,1
49080913,1,1
4911935,1,1
4911989,1,1
491257,1,1
4914301,0,0
491456,1,1
4914575,1,1
491484,0,0
4915844,1,1
4917626,0,0
4917933,1,1
49187402,0,0
4919578,1,1
4919911,0,0
49202532,1,1
4921305,1,1
49217397,1,1
4921797,1,1
49228212,0,1
4922845,1,1
4923215,1,1
4923621,1,1
4923680,1,1
4923713,1,1
492459,1,0
49248697,1,0
4926937,0,1
492730,1,1
49302834,1,0
4930893,1,1
49322489,1,1
49330293,1,1
49345303,1,1
49353953,0,0
49366834,1,1
49377519,1,0
4939168,1,1
49400177,0,0
4940502,1,1
4940923,1,1
4941863,1,1
49420528,0,1
4942612,1,1
49426556,1,1
49441723,1,0
49453034,1,1
4945949,1,1
4947576,1,1
4949686,1,1
49502042,1,1
49516839,1,1
4951783,1,1
49528222,0,1
49532331,1,1
4954115,1,1
49587010,1,1
4958822,1,0
496021,1,1
49606401,1,1
49620266,1,1
4962386,1,1
4965677,1,1
4966304,1,1
4967603,1,0
4967801,1,1
49678142,1,1
49683741,1,1
49696589,1,1
4971217,1,1
4971955,1,1
4973013,0,1
49746894,1,1
4974861,1,1
49749006,0,0
4976558,1,0
4976666,1,0
4977806,1,1
4978807,1,1
4979078,0,0
4980613,0,0
4981126,1,1
49828382,1,1
4983373,1,1
49840949,1,1
49856204,1,1
49860964,1,1
4987478,1,1
49875069,0,0
4988,1,1
49886627,1,1
4991299,1,1
49938,1,1
4994360,0,0
4995727,1,1
4995794,1,0
4995978,0,0
499626229,1,1
49969762,1,0
49984872,1,1
49992762,1,1
4999336,1,0
49999440,1,1
50002,1,1
50016286,1,1
50021993,1,1
5003112,1,1
5003203,1,1
5007402,1,1
5008295,1,0
5008415,0,0
50099571,1,0
5010485,1,1
5011578,1,1
501267,1,1
50131330,1,1
5014026,1,1
5014039,1,1
5014268,1,1
50150457,1,1
5016612,1,1
50179362,1,1
50182713,1,1
5018390,1,1
5018668,0,1
50196736,0,0
5020293,1,1
5020572,1,1
5021519,1,0
50225946,1,1
5023137,1,1
50245306,0,1
5025554,1,1
5025638,1,1
5025679,0,0
5026690,0,0
50270275,1,1
5027956,0,1
5028872,1,1
5029642,0,0
50297978,1,1
50301292,1,1
503037,1,1
50306617,1,1
503223,0,0
5032669,1,1
50344783,1,1
50345700,1,1
5034832,1,1
5035433,1,1
50362,1,0
5036577,1,1
50379172,1,1
5038618,1,1
5039226,1,1
5040884,1,1
50418870,1,1
504190,1,1
5045285,0,1
5045545,1,1
5048078,0,0
5049586,1,0
5049971,1,1
5054476,1,1
505716,0,1
50592316,1,1
5061092,1,1
50615351,1,1
50616157,1,0
5061895,1,1
506224,1,1
50627077,1,1
506389,1,1
506424,1,1
5064585,1,1
50650318,1,1
5065504,1,1
5065543,1,1
50661457,1,0
506779338,1,1
50695363,1,1
50696439,1,1
5070251,1,1
507105,0,1
5075726,1,1
5075877,1,1
5077351,0,1
5077848,1,1
50782351,1,1
5079250,0,0
50792708,1,1
50795033,1,1
5080558,1,1
5081055,1,1
50811936,1,1
5081728,1,1
5084036,1,1
5087965,0,0
508858,1,1
50894345,1,1
50906531,1,0
50915052,1,1
50929794,1,1
5093344,1,1
5094166,1,1
5096196,1,1
5096261,1,1
50977516,1,0
5097835,1,1
5097866,1,1
50989321,1,1
5099588,1,1
51003791,1,1
51010087,1,1
51019565,1,1
510281,0,0
51030480,1,1
5103338,1,1
510647,1,1
51072192,1,1
51080821,1,1
51091,1,0
5109839,1,1
511020,0,0
5112097,0,1
51124313,1,1
5112486,1,1
51140690,1,1
5114779,0,0
5115,1,1
51156906,1,1
51160066,1,1
5116540,1,1
5116828,0,0
5117192,1,1
5117395,1,1
51181818,1,0
51185,1,1
5119318,1,0
51194964,1,1
5120792,1,1
5121041,1,1
5121662,1,1
5122499,1,0
51231299,1,1
5124024,0,0
5124847,1,1
5127355,1,1
5127492,1,1
51275023,1,1
5128659,1,0
5130308,1,0
51305879,1,1
5131147,1,1
5134511,1,1
5134751,0,1
51363534,1,1
5138350,1,1
51411650,1,1
5141640,1,1
5142748,1,1
514329,0,0
51434171,1,1
51438,1,1
51444544,0,1
514499,1,1
514520,1,0
5146415,1,1
5147341,1,1
51477827,1,1
5148911,1,0
5152407,1,1
5153826,1,1
5153955,1,1
5154131,1,1
51542524,0,1
5156162,1,1
5159858,1,0
51601855,1,1
51623003,1,1
51623519,0,1
5163506,1,1
51651514,0,0
5166378,1,1
51670337,1,1
5167731,1,1
5168645,1,1
5169340,1,1
51700840,1,1
51707333,1,1
51715142,1,1
5171870,1,1
5173596,1,1
5173958,1,1
51744254,0,1
5174656,1,1
5175521,1,1
5175610,1,1
51761770,0,1
517715977,1,0
51773585,1,0
5177795,1,1
5177963,1,1
51784371,1,1
51827796,0,0
51843711,1,1
5185378,1,0
518682,1,1
5191932,1,1
519307,1,0
51935432,1,1
51946402,0,0
51962666,1,1
5197967,1,1
519809,1,1
51985050,1,0
52004439,1,0
52019674,1,0
5204026,1,0
52048145,1,1
52081290,1,1
52082423,1,0
5211590,1,1
52147246,0,0
52147465,1,1
52152510,1,1
52169318,1,1
5218509,1,1
52199048,0,0
5220785,1,0
52221581,0,1
52239570,1,0
5223959,0,1
5225807,1,0
52258636,0,1
52275043,1,1
5227687,1,1
52283057,1,1
522848,1,1
5230456,1,1
5231199,1,0
52313069,1,1
52314236,1,0
523440622,1,0
523451,1,1
5237758,1,1
5238337,1,1
52422866,1,1
5242969,1,1
52432405,1,1
52441989,1,1
52459049,1,1
5246140,1,1
5247114,1,1
5251627,1,1
525187,1,1
52526243,1,1
52547564,1,0
5255377,0,0
5255481,1,1
5256044,1,0
52569275,1,0
5258668,1,1
52588269,1,0
5259125,0,1
5260640,0,0
52616551,1,0
526225,0,0
52626638,1,1
526267,1,1
52678252,1,1
5268359,1,1
52687,1,0
52692,0,0
526998,1,0
52702964,1,1
5272186,1,1
5272443,1,1
5272588,1,0
5272840,0,0
52745,0,0
5276369,1,1
5279267,1,1
5281420,1,1
5281864,1,0
528208,1,1
5283599,1,1
5284103,1,1
52845305,0,0
52846230,1,1
52854631,1,1
52882636,1,1
5289057,1,1
52893213,0,0
5289996,1,1
5290284,1,1
52905316,0,0
5290906,1,0
52910526,1,1
52916685,1,1
5292625,1,0
5292936,1,0
5293057,1,0
529387,1,1
5295573,1,1
5296767,1,1
5297982,1,1
5298101,1,1
52984237,1,0
52994868,0,0
5299598,1,0
52997125,1,0
5300987,1,1
53018340,1,1
53051734,1,1
5305637,1,0
53059778,1,1
5307183,1,1
5307207,1,1
53097039,1,1
5309747,1,1
5310339,1,1
53104803,1,0
531206,1,1
53135395,1,1
53137064,1,1
531426,1,1
5314383,1,1
53144998,1,1
5314566,1,1
53150136,0,0
531502,1,1
53155315,0,0
5318720,1,1
5318721,1,1
5319,1,1
5320065,1,1
5320183,1,1
532031,1,1
53204158,1,1
5320857,0,0
532114,1,0
5321211,1,0
5323769,1,1
5324232,1,1
53254778,1,1
532558,1,1
5325648,1,1
53260025,0,0
5326644,1,1
53267168,0,0
5326781,1,0
533024,0,0
533037,0,0
5331334,1,1
5331700,1,1
53321403,1,1
5335680,1,1
5335848,0,1
5336718,1,1
5339571,1,1
5340637,1,1
53407300,1,1
53411379,1,0
5341400,1,1
5344012,1,1
5344373,1,1
5345131,1,1
5345453,1,0
5345740,1,0
53484926,1,0
5348682,1,1
534878,1,1
5349101,1,1
5351383,1,1
5351732,1,1
5352288,1,1
53524075,1,0
5352482,1,1
53536048,1,1
535442894,1,0
5354455,0,0
5354695,1,1
535518,1,1
53553013,1,1
5355844,1,1
5360158,1,1
53606544,1,1
5360735,1,0
5361690,1,1
5363682,1,0
5365439,1,1
5366304,1,1
536812,1,0
53683015,1,1
5370009,1,1
5370306,1,1
53704879,1,0
5371993,1,1
5374512,1,1
5374560,1,1
5374954,1,1
537515,1,1
5375535,1,1
5378636,1,1
53787215,0,0
5379749,0,0
53801079,1,1
53808006,1,0
5381608,1,1
5381998,0,0
53820950,1,1
5382355,1,1
53834567,1,0
5385742,1,0
5386416,1,1
5386640,1,1
53870409,1,1
5387350,0,0
53882107,0,0
5388693,1,0
5389676,0,0
5389934,1,1
5390292,1,1
53903779,0,0
5390743,1,1
5391469,1,1
5392046,1,1
5392840,1,1
5393581,1,1
5393763,1,1
539390,1,1
53951879,1,1
53962083,0,1
5396342,1,1
5397265,1,1
5397293,1,0
53975688,0,1
5397765,1,1
5398097,1,1
5398582,1,1
5398622,1,1
53998707,1,0
5400771,1,1
54022335,1,1
54028736,1,1
5402884,0,0
5403265,1,1
54033153,1,1
5403989,0,0
5404755,1,1
5405143,1,1
5405396,0,0
54064859,1,0
54069906,1,1
54078463,1,1
5408346,1,1
5408410,1,1
54088360,1,0
54093028,1,1
5409406,0,0
54094492,0,0
54100341,1,1
5411001,1,1
5411339,1,1
5411763,1,1
5412083,0,0
54122684,1,1
5412588,1,1
54130602,1,1
54132480,0,0
54133871,0,1
5417178,1,1
54184821,1,1
5418766,0,0
5418816,1,1
54193678,1,1
5420080,1,1
5421406,0,1
5421981,1,1
5422282,1,1
5423913,0,1
5424023,1,1
54253295,1,1
5426774,1,1
54274801,1,1
54291853,0,0
54294371,1,1
5429493,1,1
543217,1,1
5432435,1,1
5433363,1,1
54334512,1,0
543362,1,1
5433904,0,0
54339613,1,1
54341288,1,1
543594,1,1
54363891,1,1
5437300,1,1
543939,1,1
54406,0,1
5440906,1,1
54410476,1,1
5442414,1,1
54425961,1,0
5444389,1,1
54467491,1,1
54470336,1,0
54471063,0,0
5447255,0,0
54474258,1,1
54521831,1,0
545304,1,1
54538643,1,1
54542605,1,0
5454521,1,1
5456192,1,1
5456978,0,0
54573670,1,1
54601,0,0
54616,1,1
5464024,1,1
5464456,1,1
5464652,1,1
5465027,1,1
5465194,0,1
5465254,0,1
54653240,0,1
54673361,1,1
5469659,1,0
5469878,1,1
547058,0,1
5471172,1,1
5472003,1,0
5472025,1,0
5472724,0,0
54734455,1,1
5474500,1,1
5475,1,1
54766566,1,1
5479237,1,1
54802237,1,1
54810767,1,1
5483867,0,1
5484482,1,1
54852,1,1
5489463,1,1
5489640,1,1
5490407,1,1
5490595,1,1
5491285,1,1
5492060,1,1
549209,1,0
5492615,1,1
5496066,1,0
5496703,1,1
5497220,1,1
54986915,0,1
5500530,1,1
55005874,1,1
55008739,0,0
550098,1,1
55023725,1,0
5503452,1,1
550461,1,1
5504787,1,1
5505382,1,1
550602,1,1
55071936,0,1
5508811,1,1
55093224,1,1
551216,1,1
5512387,1,0
55128784,1,1
55134211,1,1
55145847,0,0
55146258,1,1
55155450,1,1
5516090,1,1
55168423,0,0
552018,0,1
5520536,0,0
5521454,1,1
55223608,1,1
5523231,1,1
5526236,1,1
5526703,1,0
5528867,0,1
5529077,1,1
5531305,0,0
553211,1,1
5532142,1,1
5533836,1,1
5534100,0,0
55343063,0,1
55354831,1,1
5539081,1,1
55399440,0,0
55418091,1,1
554370249,1,1
5544806,1,0
5545425,1,1
5546698,1,1
5548650,1,0
5548795,1,1
5549482,0,0
55503756,0,0
555073,1,1
5550845,1,1
5551258,1,1
5552100,1,1
5554366,1,1
55547914,1,0
55557181,1,1
55558457,1,1
55565,1,1
55589124,0,0
5559970,1,1
5561450,1,1
55616731,1,0
5563048,1,1
5565642,1,0
55659148,1,0
55662362,1,1
5566418,1,1
556661,1,1
5566866,1,1
5567168,0,0
556722,1,1
5568198,1,1
5571226,1,1
5571403,1,1
5571462,1,0
5571681,1,1
5573691,1,1
5575262,1,1
55777494,1,1
5579925,1,1
55804434,1,1
558059,0,0
5580978,1,1
558175004,1,1
5582806,1,1
5583301,1,1
5584242,1,1
5585634,1,1
5586632,1,1
55886,1,1
55890461,1,1
558935,1,1
5594651,1,1
5595964,1,1
55959704,1,1
5596710,1,1
5596728,1,1
5597005,0,0
5597047,1,1
5599320,1,1
56012392,1,1
5601268,1,1
5601323,1,1
56013318,0,0
5601604,1,1
5603560,1,1
5606055,1,1
56074513,1,1
56076946,0,0
56082088,1,0
5608821,0,1
5609804,1,1
5610056,0,0
5610418,1,1
561139,1,1
5612699,1,1
5620478,1,1
56216093,0,0
56234544,1,0
5623689,1,0
5624246,1,1
5624462,0,0
5625662,1,0
5625897,1,1
56263739,1,0
5626637,1,1
5628533,1,1
5629027,1,1
5630133,1,1
5630704,1,1
563269995,1,0
5633097,1,1
5635289,1,0
5636080,1,1
56382019,1,1
5639471,1,1
564108,1,1
56438193,1,1
56451398,0,0
56456649,0,0
5650131,1,1
5651316,1,1
5652037,1,1
5652900,1,1
5652958,1,1
56531810,0,1
5653601,1,1
5653675,1,1
5655640,1,1
5655676,0,1
5655899,1,1
56571750,1,1
56575168,1,1
566164,1,1
5665064,1,1
56662579,1,0
567082,0,0
567113,1,1
56761226,0,0
5678831,1,1
568197,1,1
56821936,1,0
5682377,1,1
5684662,1,0
5684692,1,1
56849053,1,1
5684964,1,0
568594,0,0
5686356,1,1
5687279,1,1
56891173,1,1
56892395,0,0
5689946,1,0
5689966,1,1
5690231,1,1
5693135,1,1
5693756,1,1
5694903,1,1
5695732,1,1
56962926,1,0
56963756,0,0
5696556,1,1
5698281,0,0
569897,1,0
569962,1,1
5700342,1,0
5700345,1,0
5700662,1,0
5701164,1,1
57027106,1,1
5705875,1,1
57059194,0,0
57062771,1,1
570632,1,1
57076700,0,0
57088669,1,1
5709607,1,1
5709931,1,1
57106130,1,1
57139316,1,1
5714053,1,1
571425,1,1
5714488,1,1
571526223,1,1
57162017,1,1
5718553,1,1
5721444,1,1
5723412,1,1
5723439,1,1
5724137,0,0
57259951,1,1
5727966,1,1
572918,0,0
57296,1,1
573135,1,1
57314296,0,1
5732381,1,1
5737173,1,1
5737296,1,1
57386488,1,0
573876,1,1
5740227,1,0
5740640,0,0
5742232,1,1
57424123,1,0
5743446,1,1
5745451,1,0
57457385,1,1
5745868,0,1
57463325,1,1
5746525,1,1
57479978,1,1
57490945,1,1
5749126,1,1
5750573,1,1
5753398,0,0
5753880,1,1
57542660,1,1
5755628,1,1
57557357,1,1
575660933,0,0
5757170,1,1
57580588,1,1
5759646,1,1
57663648,0,0
5768802,1,1
576955982,0,1
57702234,1,1
5770437,1,1
57738928,1,1
577546,1,1
5777303,1,1
5777654,0,1
5778058,1,1
5779090,0,0
5779593,1,1
5782645,0,0
5783828,1,1
5785399,1,1
5786392,1,1
5792922,1,1
5795857,1,1
5796429,1,1
580086,0,1
5802312,1,1
58026480,1,1
58029664,1,1
58039120,0,1
5804156,1,1
5804512,1,1
580468,1,1
5808968,0,0
5810675,0,0
5811279,1,1
58115832,1,1
5811601,1,1
581238890,1,1
5812764,1,1
58146209,1,1
5814728,1,1
58156688,1,1
5815960,1,0
5818100,1,1
58181728,0,0
581975,1,1
5821275,1,1
582208,1,1
5822150,1,1
58222544,1,1
5823626,0,0
582370,1,1
5824855,1,1
5826599,1,1
5826716,1,1
5826745,1,1
58276385,1,1
58309475,1,1
5831016,1,1
583162,1,1
5831981,1,1
5832265,1,1
5832860,1,1
5836780,0,0
5839470,1,1
5840678,0,0
58408419,0,0
58418813,1,1
584297,1,1
5843212,1,1
5844259,1,1
5845756,1,1
5846008,1,1
5846134,1,1
58465120,1,0
5846867,0,0
5847109,0,1
58471783,1,1
5847664,1,1
5848822,1,1
5848971,1,1
5849739,1,1
5851527,1,1
5851894,0,1
5853773,0,0
5853791,1,1
5855183,1,1
585680,1,1
585876760,1,1
58592373,0,0
5860113,1,1
58618576,1,0
5862225,1,1
58630154,0,0
58656548,0,0
5866040,1,1
58661526,1,1
5868919,1,1
5871308,1,1
5871762,1,1
5873782,1,1
5876431,1,1
58797650,1,1
58822025,1,1
5882533,0,1
588345,0,1
5886556,1,1
58870514,1,1
5887161,1,1
588904,1,1
589138,1,1
58914193,1,1
5891492,1,1
58917096,1,1
58941679,0,1
589691,0,0
5897050,1,1
5899371,1,1
5901612,0,0
5902081,1,1
5904175,1,1
5905316,1,1
59074434,1,1
5907837,1,1
5909027,1,1
5911694,1,1
5914372,1,1
59170848,0,0
5917105,0,0
5919134,1,1
59200369,1,1
5920675,1,1
5920800,0,0
5921152,1,0
5921164,1,1
5921209,1,1
5921517,1,1
592268,1,1
5924895,1,1
5925070,0,0
5925939,1,1
5926364,0,0
59295805,1,1
5931558,1,1
5932149,1,1
5932206,1,1
59331,1,0
59336678,1,0
5935582,1,0
5936675,1,0
5937040,1,1
593716,0,0
5937906,1,1
59385415,0,0
59419501,1,1
59439341,0,0
59448077,0,0
5946371,0,1
5946553,1,1
5947720,1,1
5948767,1,1
59522456,1,0
5954,1,1
5956353,1,1
59577708,1,1
5958520,1,1
5959075,0,0
5959730,1,1
59637787,1,1
5965035,1,0
59664405,1,0
5966925,1,1
5968,1,1
5969197,1,1
5969670,1,1
5970299,0,0
597399,0,0
5977426,1,1
5981191,1,1
59823715,1,1
5982372,0,0
59843,1,1
5985140,1,1
598595,0,1
5986486,1,1
59873,0,1
5987414,0,0
5987442,0,0
5988212,1,1
5988956,0,0
5989410,1,1
599385,1,1
5994418,1,1
5994702,1,1
5998266,1,1
6001356,1,1
6001943,1,1
6002000,1,1
600686,1,0
600869,0,0
600883,0,0
60090,1,1
6009381,1,1
6009528,1,1
6010603,0,0
6010896,0,0
6012036,1,1
6013916,1,1
6015024,0,1
6015218,1,1
6016555,1,0
6017183,1,1
6018044,1,1
6018268,1,1
6019354,1,1
601983,1,1
6019857,1,1
6019915,1,1
60202833,1,1
6020500,1,1
60215493,1,1
6021923,0,0
60225006,1,0
60225099,1,1
6023375,1,1
6023934,1,1
602419424,0,0
602476,1,0
6030931,1,1
6031264,1,1
6032875,1,0
6033888,1,1
6034570,0,0
6035332,1,0
6037206,1,1
6037580,1,1
6037608,1,1
6038303,1,1
6038353,0,0
6044555,1,0
6046786,1,1
60478996,1,1
6049620,1,1
6050105,1,1
6052341,1,1
6054157,0,0
6057385,1,1
605770,1,1
6058251,1,1
60584696,1,1
6058663,1,1
6059031,0,0
6059117,1,1
6067418,1,1
6068548,1,1
6068557,0,1
6071190,1,1
60722885,1,1
6073676,0,0
607462,1,1
6075418,1,1
6075554,1,1
60767575,1,1
607745,1,0
6078413,1,1
6084136,1,1
6088542,1,1
60891,1,0
6091415,1,1
6092175,1,1
6092223,1,1
6095360,1,1
6096212,1,1
6096730,1,1
6096926,1,1
60998881,1,0
610024,0,0
6100537,1,1
6102449,1,1
6103042,1,1
6103951,1,1
6105200,1,1
6105703,1,1
610654,0,1
6106711,1,1
6109452,1,1
61122000,1,1
6113395,1,0
6115622,0,1
61160468,0,0
611742,0,1
61187208,1,1
6119549,1,1
6121507,1,1
6122105,1,1
612245,1,1
6124835,1,1
612567,1,1
612905,1,1
6131574,1,1
61317141,0,0
61317405,1,1
6133626,1,1
6135753,1,1
6136551,1,0
6137242,1,1
6140561,1,1
6140954,1,1
614689,1,1
6147149,1,1
6148503,1,1
6150060,1,1
6150377,1,1
61527424,1,1
6153745,1,0
61555091,1,1
6156519,0,0
6157442,1,1
6158824,0,0
6158891,1,0
6160193,1,1
6160340,0,0
6163902,1,1
6164749,0,0
6168292,1,1
6169338,1,1
6169747,1,0
61712827,1,0
617131691,1,1
6173251,0,1
6173753,1,1
61749,0,0
6175734,1,1
6176296,1,0
6178700,1,0
6178937,1,1
6182599,1,1
6182629,1,1
6182694,1,0
6182765,1,1
6186064,0,0
6187048,1,1
61881695,1,1
61888531,0,0
6189089,1,0
6189126,1,1
6190868,1,1
619131,1,1
6192205,1,1
6193955,1,1
6198973,0,1
6199035,1,1
6200467,1,1
6203320,1,1
6203507,1,0
6204136,1,1
6204393,1,1
62045945,0,0
6205766,1,1
620590,0,1
62062707,1,1
6207891,0,0
62096739,0,1
6210654,1,1
62107643,1,1
6211043,0,0
6211346,0,0
6212466,1,0
62128,1,1
6215505,1,1
6217288,0,0
621742,1,1
6219298,1,1
6219870,1,0
6220613,1,1
6221021,1,1
62214599,1,1
6223113,1,1
622320,1,1
6224433,1,1
62247264,1,1
6224763,0,0
6225433,1,1
62259250,1,1
62271381,0,0
6228345,1,1
62284,0,0
622942,1,0
6230247,1,1
62302525,1,1
62358535,1,1
62361613,1,1
6239117,1,1
6240023,1,1
6241475,0,0
6242240,1,1
6242421,1,1
62424694,0,0
6243792,1,0
62447032,0,0
6247348,1,1
624814,1,1
62501374,1,1
6250290,1,0
6250503,0,0
62508064,1,1
6251653,1,1
62521,0,0
6252730,0,0
6253217,0,0
6253824,0,0
6253950,1,0
6254375,1,0
62549919,1,1
6255025,1,1
6256473,1,1
625958,1,1
62601295,1,0
6260449,0,0
6262893,1,1
626310,1,0
6263591,1,0
6263599,1,1
62645486,1,1
6264697,1,1
6266822,1,1
6267230,1,1
6267363,1,1
6269074,1,1
6270043,1,0
6270618,0,0
6270696,1,1
6271321,1,0
627207,1,1
6272915,1,1
62738292,1,1
6274866,1,1
6275831,0,0
62758556,1,1
6276500,1,0
6277656,1,1
62778353,1,0
6277883,1,1
6277930,1,1
6278645,1,1
6282552,1,1
62828301,0,1
6283440,1,1
628639,0,1
62901479,1,1
6292134,1,1
6296975,0,0
6298433,1,1
6298625,1,1
6304568,1,1
6304896,1,0
6305502,1,1
630689043,1,1
6306928,1,1
6308204,1,1
6309753,1,1
6310577,0,1
631137,1,1
6312676,0,0
6313578,1,0
6314490,1,1
6314579,1,1
6315127,1,1
631566,0,1
631567,1,1
6315687,1,1
6315819,1,0
6316124,1,0
63178764,1,1
6318012,1,1
6321746,0,0
63282093,1,1
632872,1,1
63292466,0,0
6330630,1,1
6331142,1,1
6331771,1,1
63324526,1,1
6333795,1,1
6334180,1,1
6340241,0,0
6340451,0,0
6340839,1,1
6341113,1,1
6341636,1,1
6341733,0,1
6342652,1,1
6343344,1,1
63448,0,1
63464932,1,1
6348151,1,1
6348776,1,1
6349796,0,0
6349852,1,1
6350039,1,1
635029,1,1
6351449,1,1
6351501,1,1
6353159,1,1
6354031,1,1
6354037,1,1
63549,0,0
635604,1,1
6357435,1,1
6358416,1,1
636153,1,1
6361550,1,0
6362121,1,1
6362552,1,1
6363167,1,0
636378,1,1
636547,1,1
6366023,1,1
6366114,1,0
63661277,0,0
6369014,1,0
6369278,1,1
636975,0,0
6371048,1,1
6371328,1,1
6371928,1,1
6372148,1,1
637287,0,1
637428,1,1
63746853,1,1
6375691,1,1
637638,1,1
6377191,1,1
63776,0,0
6379804,1,1
63812925,1,1
638262,1,1
6385820,1,1
638766,0,0
638924,0,0
6389371,1,1
6389780,1,1
6392414,1,1
6392442,1,1
6393315,1,1
6394342,1,1
6395447,0,0
63954549,1,1
6396233,1,1
6396702,1,1
6397412,0,0
6397426,1,1
6397911,1,1
6399627,1,1
6399810,1,0
6400680,1,1
6402938,1,1
64034187,1,0
6404983,1,1
6405,0,0
64051207,1,1
6405834,1,0
6406606,1,1
6407572,1,1
6408839,0,0
64092,1,1
640922,1,1
64095712,1,1
6411707,1,1
64130738,0,0
6414616,0,0
6416526,1,1
642388,1,1
6427398,1,1
6427463,1,1
642748,1,0
64275,1,0
6431075,0,0
6431467,0,0
6435791,1,1
6437020,1,1
643724,0,0
643807,1,1
6438205,1,1
64429118,1,1
6444160,0,0
6444923,1,1
6445624,0,0
6445851,1,1
6450948,1,1
64511262,1,1
6454104,1,0
64564504,1,1
64618,1,1
6463967,1,1
6464697,1,1
6466387,1,0
64696090,1,1
6469630,1,1
6472244,1,1
647305,1,1
6477306,1,1
647882,1,1
6479810,1,1
6483860,1,1
6486019,1,1
6488077,0,0
6494837,1,1
64979544,1,0
6500532,1,1
650191,0,1
65045653,0,0
650966,1,0
65113,1,1
6512777,1,1
65153737,0,0
65164404,1,1
6516660,1,1
65178,1,0
6519141,1,0
65208044,1,1
65215747,1,1
6524483,1,1
65250050,1,1
65258290,1,0
652802676,1,0
6531193,1,1
6533454,1,0
653419,1,1
6535547,1,0
6535573,0,1
6540463,1,1
654072,1,0
6545484,1,1
6547155,1,1
6547499,1,1
6549385,1,1
6550044,1,1
6557033,1,1
655979,1,1
6559874,1,0
6561085,1,0
6561565,1,1
65628655,1,1
65629818,1,1
656299148,1,1
65652798,1,0
656549,1,1
65660962,1,1
656719,1,1
656728,1,1
656771,1,1
6567723,0,0
6569042,1,1
657094,1,1
6572392,1,1
657316,1,1
65751902,0,0
6575236,0,0
6575916,1,1
6578789,1,1
6579858,1,1
6580624,1,1
6582938,1,1
658382,1,1
658554,1,0
658585,1,1
6586169,1,1
6587299,1,1
6587839,1,0
65894244,1,1
6590640,1,0
659104,1,1
659155,1,0
659183,0,0
6591993,1,1
6595967,1,1
65960431,0,0
6599565,0,0
6600940,0,0
6601377,1,1
6603649,1,0
6603811,1,1
6605626,1,1
6607156,1,1
661249,1,1
661607,1,1
661809,1,1
6619459,0,1
6623244,1,1
6624193,1,1
6624344,1,1
6625506,1,1
6629369,1,1
6629648,1,1
6631061,1,0
6631626,1,1
6632508,1,0
66356,0,0
6636079,1,1
663614126,1,0
66372,1,0
6637279,1,1
6638124,1,1
6638968,1,0
6639059,1,0
6640388,1,1
6641831,0,0
6642046,1,1
6642216,1,1
6644003,1,1
6646697,1,1
664930,1,1
6649656,1,1
6651114,1,1
6651957,1,1
6652394,1,0
6652955,1,1
6654545,0,1
6654721,1,0
6655160,1,1
6656073,1,1
6658498,1,1
6663172,1,1
6664458,0,1
6664526,1,1
6665747,1,1
6666734,1,1
6667183,1,1
666751,1,1
666899,0,1
6669055,0,0
6670290,1,1
6670967,1,1
66710,1,0
6671644,1,1
6672554,1,0
6673536,0,0
6675253,1,0
667741,1,0
667900,1,1
6683014,1,1
6687020,1,1
6693708,1,1
6695348,1,1
6697649,1,0
6697951,1,1
6698968,1,1
6701073,1,1
6702391,1,1
6707545,1,1
67106,1,1
6712808,1,1
6716949,0,0
6720356,1,1
6720806,1,1
6725553,1,1
673523,0,1
6735615,1,1
67388,1,1
6740631,0,0
6744779,1,1
67451003,1,1
6746381,1,0
6746600,0,1
6747096,1,1
674827,0,0
6748884,1,0
6749900,1,1
674995,0,1
6750404,1,1
675089,1,1
6751430,1,1
67536784,1,0
6754527,1,1
6755800,1,1
6757499,0,0
675782,1,1
6759307,1,1
6760062,1,1
676121,0,0
6762622,0,0
6763519,1,1
676405,1,0
6764252,1,1
6765687,1,1
6769835,1,1
6770268,1,1
6776491,1,1
6777373,1,1
6779149,1,1
67795622,1,1
678019,1,0
678086,1,1
678798,1,0
679059,1,1
6796050,1,1
6797897,0,1
6797992,1,0
6798719,1,1
6799755,1,1
6799991,1,1
6800192,1,1
6800957,1,1
680447988,1,0
6806862,1,0
6807076,1,1
6807197,0,0
680808,0,0
6808162,1,1
6809903,1,1
6812133,1,1
6813611,1,0
6815678,1,1
681725,0,1
6819068,1,1
6820150,0,1
6820479,1,1
682151,1,1
6824947,1,1
682551,0,0
682781,0,1
6828985,1,1
6831082,1,1
6833732,1,1
6835805,0,0
6839691,1,1
684760,1,0
6847890,0,0
68485,1,1
6849622,0,0
6849639,1,0
6850651,1,1
6851865,1,1
685288,0,1
68542845,1,1
6855153,1,1
6856363,1,1
6856450,1,1
6859159,1,1
6860563,1,1
6862761,1,1
6865029,1,1
6866936,1,1
6867722,1,1
6868807,1,1
68718,0,1
68722,1,1
6872910,1,1
6874977,1,1
6879210,1,1
6883207,1,1
6883633,1,0
688502,1,1
6885028,1,1
6885963,0,1
688851,1,1
6889109,1,0
689226,1,1
6895601,1,1
6901429,1,1
6902500,1,1
6906178,1,1
6906258,0,0
6907307,1,1
6910587,1,1
6911836,1,1
6912870,1,1
69129328,1,0
6919111,1,0
6924957,1,1
69252157,1,0
6926025,1,0
6930108,0,1
693224,1,1
69350667,1,1
6935104,1,1
6936156,1,1
6939193,1,1
6941269,0,1
694144,1,0
6944734,1,1
6945011,0,0
6947020,0,0
6949342,1,1
6953661,0,0
6955943,1,1
695738,1,1
695812,1,1
696194,1,1
69669599,1,1
69714216,0,0
6981841,1,1
698337126,1,1
69854114,0,0
6991776,1,1
6995240,0,0
6997375,1,1
6999696,1,1
7001368,0,1
7002320,1,1
7007463,1,1
700838,1,1
7008504,1,0
7008589,1,1
7011018,1,1
70121924,1,0
7015901,1,1
7016335,1,0
7017277,1,1
7017861,1,1
702338,1,1
7026979,1,1
702828,1,1
7029779,1,1
703113,1,1
7031439,0,1
7033359,1,1
7033407,1,1
7033618,1,1
703542,1,1
703814,1,1
703825,1,1
704006,1,1
7040768,0,1
7040923,1,1
704288,1,1
7045009,1,1
7045894,1,1
7046562,1,1
7050222,1,1
7050577,0,0
7051157,1,1
7053891,1,1
7055791,1,1
7058138,1,1
705836,1,1
7060513,1,1
706355,1,1
706539667,1,1
7068,0,1
7068008,1,1
7069604,1,1
7069867,1,0
7070951,1,1
70750616,1,0
7077496,1,1
7078202,0,1
708501,1,1
7085503,0,1
708610,1,1
7087576,1,1
709047986,1,1
7094212,1,1
709500,1,1
709709,1,0
709881,1,1
709901,1,1
7113639,1,0
71144221,1,1
7117771,1,1
712000,1,1
7121232,1,0
7122882,1,1
7124462,0,1
7125913,1,1
712843,1,0
7132244,1,1
7133504,0,0
713799,0,1
7138403,0,1
7139002,1,0
7140251,0,0
714414,1,1
7144840,1,1
71458,1,1
7146660,1,1
71471585,1,0
7151431,1,1
7152194,1,0
7152229,1,1
715241,1,1
7152956,1,1
715388,1,1
715419,1,1
7155516,1,0
7159691,1,0
715979,1,1
71629402,0,0
71631410,1,1
716462,1,1
7167146,1,1
7168662,1,1
717033,1,1
717159327,1,1
7172289,1,0
7172470,1,1
7174660,1,1
7174693,1,0
717497,1,1
717699,1,1
71785,0,0
717924,1,1
717951,1,1
718261,1,1
718281232,0,1
718286,1,1
718356,1,1
71841,1,1
71844,1,1
7196413,1,0
7200310,1,1
720095,1,0
720142651,1,1
720161799,0,0
720281039,1,1
7205318,0,0
720596424,1,0
720636295,1,1
720706067,0,0
720978774,1,1
7210219,1,1
721058797,1,1
7211806,1,1
721294854,1,1
721397905,1,1
721402067,1,1
721430238,1,1
7214709,1,1
721518133,0,0
7215902,1,1
72197,0,0
7219726,1,1
7220992,1,1
722146,1,1
72265,1,1
7230521,1,1
7230558,1,1
7230703,0,1
7232649,1,1
7233891,0,0
7234622,1,1
72369302,1,1
7238512,1,1
7238678,0,1
72395,0,0
7240289,0,1
724182,0,0
7243669,1,1
725154,1,1
7252134,1,1
72543,0,1
725978,1,1
7261787,1,1
7265547,1,1
7267870,1,1
7270823,1,1
7275962,1,1
72820474,1,1
728206,1,1
728407,1,1
729125,1,1
72921872,1,1
729343,1,1
72942403,1,1
7294413,1,0
729660,1,0
7301079,1,1
730393,1,1
730451,0,1
7307608,0,0
7309152,1,0
7313992,1,1
7315351,1,1
7318426,1,1
7318461,0,1
731922,0,0
7321539,1,0
7323111,1,1
732697,1,1
732931,0,1
732973,1,1
7331223,0,0
733585,1,0
7337296,0,0
733808,1,1
734069,1,0
734153,1,1
7344048,1,1
7346630,1,1
7347960,1,1
7351648,1,1
735403,1,1
7363305,1,1
7367363,1,1
7368220,1,1
73693087,1,0
7371284,1,1
7374847,0,0
7375256,1,0
739061,0,1
7392109,1,1
7394522,1,1
7394708,1,1
7394996,1,0
7397527,1,1
7399806,1,1
7399851,1,1
740093,1,1
7404260,1,1
740906,1,1
740954,0,0
741565,1,1
74168,1,0
7417370,1,1
7418677,0,1
7420708,1,1
7421026,0,0
7427138,1,0
7427638,1,1
7427655,1,1
7428994,1,0
742966,1,1
74366,1,0
7439997,1,1
7440216,0,1
744205,1,0
7442096,1,1
7442279,1,1
74441884,1,1
7445257,1,1
7449170,1,1
745277,1,1
7454753,1,1
745763,1,1
74578,1,1
7460914,1,0
74628,1,1
7463627,0,1
746460,1,1
7467689,1,1
7468513,1,0
7470281,1,1
7470634,0,0
74737931,1,1
7474151,1,1
7476,1,1
7477664,1,1
74829,1,1
7485014,1,1
7485499,1,0
7485572,1,1
748660,1,1
7490906,1,1
7491140,1,1
749391,1,1
7496220,1,1
7497200,1,1
74979066,1,1
7499136,1,0
7500,1,0
750140316,0,0
750236771,0,0
750522112,1,1
750687379,1,1
750703672,1,1
7507968,1,1
7508012,0,0
750812801,1,1
7508154,1,1
750832784,1,1
750917946,0,0
75093701,1,1
7509737,0,0
7510901,1,1
751238,1,1
751413296,1,1
7514796,0,0
751483781,1,1
751561,1,1
751562237,1,1
751603791,1,0
751656835,1,1
751996,1,1
7520794,1,0
7522477,1,1
752269397,1,1
752408563,0,0
752724293,0,0
752972413,1,1
752973454,1,1
753005962,1,0
75310108,0,0
75313220,1,1
7534604,1,1
753477037,1,1
7536050,0,0
7536153,1,0
753702506,1,0
75371727,1,0
753867,1,0
75387395,1,1
7538805,1,1
7540719,1,1
754160948,1,1
754229,1,1
7542307,1,1
7542631,1,1
754300963,0,0
754353058,1,0
754492718,0,0
754495228,1,0
754516594,1,1
7545782,0,0
755088605,1,0
7551403,0,1
7552593,1,1
7553059,1,1
75563402,1,1
755676267,1,1
755678959,1,1
755775120,1,0
755856350,1,1
755874407,1,1
755913749,1,1
755915145,1,1
7561306,1,1
756173,1,1
7562750,0,0
7564053,1,1
75647106,0,1
7565313,1,1
7565410,1,1
7565517,1,1
7573386,1,0
757598809,1,1
757647,1,1
757727380,1,1
7577327,1,1
757733925,1,1
7578231,0,0
7578254,1,1
757976553,1,0
758111321,1,1
7581136,1,0
758215147,0,0
7583224,1,1
758468,1,0
75862555,1,1
758760278,1,1
759216660,1,1
759284420,1,1
759349174,0,0
759464102,1,0
759560134,1,1
7596134,0,0
759824651,1,1
759853,1,0
7598561,1,1
7600011,1,1
760091300,1,1
760195093,1,1
760244567,0,1
760301955,1,1
760362170,0,0
760593763,1,1
760749423,1,0
760844911,1,1
7609575,1,1
760982592,1,0
7609906,1,1
76104892,1,1
761103236,1,1
76113611,1,1
761157177,1,0
761173976,1,1
761447282,1,0
7615903,1,1
7616574,0,0
761724861,1,1
761978490,1,1
7620204,0,0
762213,1,1
762252353,1,0
762257648,0,0
76227,0,0
762503903,1,0
762532956,1,1
762711060,1,1
7628179,1,1
762829450,1,1
7628376,1,0
7629123,1,1
7630203,1,1
763060061,1,1
763205438,1,1
7632295,1,1
763248458,1,0
763251794,1,0
763366,1,1
7634453,0,0
7635616,1,1
763645553,1,1
7636467,1,1
763702972,1,1
76385836,1,1
763867514,1,1
7639195,1,1
76395188,1,0
7639828,1,1
7640501,1,1
764125421,1,1
7641484,0,0
76416403,0,0
7644195,1,1
7644364,0,0
764455,1,1
7644713,1,1
764529572,0,0
76465901,0,0
7647168,1,1
764736307,1,1
764740753,1,1
7647831,1,1
764826836,1,0
7649271,1,1
765107,0,0
765511088,0,0
765787,1,1
765861631,1,1
765909763,1,1
766099380,1,1
766212649,1,1
766420755,0,0
766618599,1,1
7666271,1,0
766667116,1,1
766773,1,1
7668,1,1
767009004,1,1
767199269,1,1
767439249,0,0
7675909,0,1
76761928,1,1
7680059,1,1
768206688,1,1
768269011,1,1
768760423,0,0
768877908,0,1
769076248,1,0
769215440,1,1
7692365,1,1
7696010,1,1
76981977,0,0
7698702,1,1
769874,1,1
769874256,1,1
7698777,1,1
7699067,1,1
769911443,0,0
7699297,1,1
7699473,1,1
770048692,0,1
770142431,1,1
7702228,1,1
770532,1,1
7705416,0,0
770673947,1,0
770699,0,1
7707052,0,1
7707229,0,0
770777104,0,0
770832215,1,1
7709154,1,1
7709157,1,1
771060645,1,1
7711272,1,1
771226022,1,1
77125,1,1
7714489,1,1
7716122,1,1
7716140,0,1
771700802,1,1
77189549,1,1
771901799,1,1
7720595,1,0
772110501,1,1
772129,1,1
77220003,0,1
772219,1,1
7723101,1,1
772405,1,1
7726619,1,1
77282388,1,1
7734206,1,1
77343558,1,1
773473794,1,0
773717805,1,1
774214176,1,1
77432721,1,1
774621400,1,1
774630620,1,1
77481818,1,1
774838901,1,1
7749663,0,0
775012338,0,0
77515167,1,0
775163829,1,1
775333339,1,1
7754425,1,1
775666103,1,1
775786797,1,1
77589805,1,1
776014673,1,1
776047258,1,1
776153529,1,1
776204904,0,0
77621233,1,1
7763444,1,1
776371449,0,0
77647800,1,1
7765364,1,1
776729062,1,1
776729756,1,1
776786473,1,1
776842941,1,1
77684423,1,0
776863120,1,1
776874401,1,0
77732,1,1
7773720,1,1
777375599,0,0
7773889,0,0
777435,1,1
77752340,1,1
7778158,1,1
77801425,1,1
7783772,1,1
7784238,1,1
778488992,0,0
7785328,1,1
77863217,0,1
7786379,0,0
778697,0,0
778792209,1,1
778893699,0,0
778937027,1,1
7789852,1,1
778993555,0,0
7790649,1,1
7792381,1,1
779256,1,1
779320953,1,0
779346330,1,1
7801029,1,1
78023314,1,1
78036456,1,0
780531237,1,1
7805361,1,1
780550554,1,1
78071060,0,0
780843740,1,1
780919115,0,0
780941021,1,0
7810204,1,1
781468086,1,1
781570041,1,1
781979822,1,1
782338039,1,1
782435793,1,1
7824495,1,0
78258,1,0
782607659,1,1
78272433,0,1
7828732,0,1
7832773,1,1
7837903,1,1
783872,1,1
7838966,1,1
7841934,1,1
784491977,1,1
784662947,1,1
7847818,1,1
784818274,1,1
784888549,1,1
785191980,0,1
7852165,1,1
78524718,1,1
7853707,1,1
785450683,1,0
7855724,1,1
78563892,1,1
7857090,1,1
7857989,1,1
7859958,1,1
7861560,1,1
7861650,1,0
786213706,1,0
7862299,1,1
7863126,1,1
786364628,1,0
78651621,1,1
786960929,1,1
787015701,1,1
7870795,1,0
7872168,1,0
7873505,1,1
7875769,1,1
787879047,1,1
788020931,1,1
7880235,0,1
78803,0,0
78813901,1,1
788157,1,1
788428968,1,1
788463308,1,1
7884874,1,1
788533,1,1
788585761,1,0
788812,1,1
7893245,1,1
789453411,1,1
7896192,1,1
7898056,1,1
7898365,1,1
789851610,0,1
7899017,1,1
7899900,1,1
790051767,1,1
7900680,0,0
790188897,0,0
79020801,0,1
790354959,1,1
7903841,1,1
790386195,1,0
7904295,1,1
790481856,1,1
7905102,1,1
790649357,1,1
790700558,1,1
790814,1,0
7909804,1,1
7911325,1,1
7912057,1,1
7912444,0,0
791598334,1,1
791851,1,1
791900070,1,1
791970733,1,1
792040111,1,1
792064,1,1
792195218,1,1
792240530,1,0
7923354,1,1
792385115,1,1
792423184,1,1
792550486,0,0
792550859,1,0
79262043,0,0
792810823,0,0
792878683,1,1
792988796,0,0
7932163,0,0
7933273,1,1
7935568,1,1
793559391,0,0
7937298,1,1
7937454,1,1
793827413,1,1
793871,0,1
79390,1,1
794033,1,1
794102594,1,0
7943657,1,1
7944143,1,1
7944693,1,1
794642193,1,0
7946534,1,1
7950383,1,1
795118387,1,1
7953050,1,1
7953411,1,1
795363212,1,0
795369880,1,1
795372167,1,0
7953897,1,1
795468629,1,1
795720070,1,1
796058282,0,0
796274825,1,1
796415286,1,1
796803,1,1
796840056,1,1
7969200,0,0
7969652,1,1
7969690,1,1
7970813,1,1
79716,0,1
797218014,1,1
7972803,1,1
7973044,1,1
7973110,0,0
7973228,1,1
797343514,1,1
797621002,1,1
797810,1,1
797897661,0,1
7980053,0,0
798006612,1,1
7980950,1,1
7981,1,1
7981361,1,1
7982885,1,1
7983972,1,1
7984127,1,1
7984142,1,1
798546,1,1
7986210,1,1
7986296,0,0
7988068,0,0
7990207,1,1
79913861,1,1
799187206,1,0
7992091,1,1
799397443,1,1
799476874,0,0
7995001,1,1
7995062,1,1
799517,1,1
799549204,1,1
7996405,1,1
799738062,1,1
799775493,1,1
7999011,1,0
800097904,1,1
8001800,1,0
800354,0,0
80040,1,1
8005767,0,0
8008352,1,1
800911,1,1
8010930,1,0
8011084,1,1
801172182,1,1
801217988,1,1
801262181,0,0
80143640,0,0
801639513,1,0
80165288,1,0
8017215,1,1
801989,0,0
802174298,1,1
802241,1,1
8023212,1,1
8023560,1,1
802389,1,1
802470924,1,0
802558428,1,0
8025808,1,1
8026444,1,1
802675,1,1
80268817,1,1
802746,1,0
8028709,1,1
803192,1,1
803205626,1,1
803330,1,1
8034,1,1
8034644,1,1
803623,1,1
80369,1,1
8037149,1,1
80372065,0,0
8039477,1,1
804231292,1,0
804261750,1,0
8043953,1,1
8046646,1,1
804735813,1,0
804793340,1,1
8048181,1,1
80488888,1,1
804962161,1,1
804994,1,1
805017965,1,1
805123929,1,1
805215488,1,1
8053510,1,1
805493979,1,1
805636390,1,1
805680934,1,1
805874827,1,1
806033,1,1
8060689,1,1
8063611,1,1
806480439,1,1
806486327,1,0
806607,1,1
8066332,1,1
806843,1,1
8068833,1,1
8069562,1,1
807015265,0,0
8070216,1,1
807030282,1,1
8071387,1,1
8072065,1,1
8077243,0,0
8080517,1,1
808055638,1,1
808403319,1,0
808463700,1,1
808685491,1,1
8089434,1,1
8089845,0,1
809000888,0,1
809226402,1,0
80927594,1,1
809507043,1,1
809709860,1,1
8101051,1,1
8101880,1,0
810202497,1,1
81030,1,0
8105432,1,1
81056109,1,1
8105808,0,0
8106122,1,1
8107148,1,1
810934028,0,0
811496999,1,1
811552669,0,0
8119215,1,1
811977,1,1
812101752,0,0
812151623,1,1
812251,0,0
812381999,1,1
8125260,1,1
8125905,0,1
8127057,0,0
812958492,1,1
8129609,1,0
8129708,1,1
8129943,1,1
813608309,1,0
81364,0,1
8137958,1,0
81394,1,1
814196414,1,0
8143891,1,1
814741824,1,1
8147975,1,1
81485,1,1
8149385,1,1
814994412,1,0
8156138,1,1
8156618,1,0
815750455,1,1
815781335,0,0
8158,1,1
815824993,1,1
815942,1,1
815969933,0,1
8161289,1,0
816547181,1,1
816563690,1,1
816646438,1,1
816690,1,0
8168264,0,1
817060143,0,0
8171862,1,1
817262827,1,1
8173244,1,1
817521699,1,1
817681145,1,1
8178745,1,1
818010414,0,0
818147121,1,1
818257148,1,0
81846478,1,1
818483885,1,1
818564329,1,1
818668180,0,0
8189511,1,1
819010916,0,1
8192555,1,0
8194195,1,1
819442,1,1
8195331,0,0
8196544,1,1
81972866,0,1
8198955,1,1
8199306,1,1
820158,0,0
820341928,1,0
8209381,0,0
820948782,1,1
82121519,1,1
821553825,1,0
821611467,1,1
821618812,1,1
822025,1,1
822072241,1,1
822559550,1,1
82256,1,0
822603,1,1
823494,1,1
823551763,1,0
823595465,1,1
8236867,1,1
824182875,1,1
824466,1,1
8248,1,1
824893,0,0
824900,1,1
824941576,1,1
825090815,0,0
825383198,1,1
825633909,0,0
826524004,0,0
827137,1,1
827411,1,1
827518,0,0
827762669,1,1
827763650,1,1
827828002,1,0
8281937,1,1
828319817,0,0
8286690,1,1
828694499,1,1
8291568,1,1
829287491,0,1
82931319,1,1
8293485,1,1
8294154,1,0
829564599,1,1
829671088,1,1
8297023,0,1
829750409,1,1
8298634,0,0
82999461,0,0
8300046,1,1
830047,1,1
830141957,1,0
830310569,0,0
83040,1,1
8307035,1,0
8308065,1,1
830926021,1,1
831071563,1,1
831086270,1,0
8311151,0,0
8311566,1,1
831268312,1,1
8315235,1,0
8316742,1,1
83168369,1,1
8317029,0,0
832082576,1,1
832095231,1,1
832662491,0,0
833101080,0,0
833142944,1,1
833179045,1,1
833204,1,1
833405506,1,1
833464184,1,1
83348176,0,0
8336191,1,1
83375651,1,0
833820054,0,0
8339364,0,0
8339612,0,0
834000853,0,0
8343801,0,0
834691537,1,1
835328345,1,1
835519644,0,0
8355732,1,0
836019761,1,1
836209,1,1
836342,1,1
8363789,1,1
83642589,0,0
8368129,1,1
8368987,1,1
8370622,1,1
8371321,1,1
8372014,1,1
837353,1,1
8378334,1,1
837876754,1,1
8378838,1,1
8379949,1,1
8380881,0,0
838143716,1,0
838152935,1,1
838258,1,1
8388142,1,1
838934481,1,1
83898551,1,0
8389897,1,1
839074363,1,1
83919605,0,0
8392098,1,1
839248,1,1
8393760,1,1
839582,1,1
8398074,1,1
839924,1,1
8399563,1,1
84003,1,1
840264,1,1
8402667,1,1
840486,1,1
840559,0,0
840601922,1,1
8406210,1,1
840636997,0,1
84094859,1,1
8409593,1,1
8410533,1,1
841151304,0,1
84153,1,1
841621,1,1
8416692,1,1
841783113,0,0
841993292,1,1
842175960,1,1
8426939,1,1
8431017,1,1
843191378,0,0
843210,1,1
843341,0,0
8435716,1,1
8436810,1,1
843995313,1,1
844103,1,1
84411621,1,1
8441534,1,1
844484762,1,1
8444917,1,1
844508282,1,1
8445916,1,1
844767288,1,0
8447945,0,0
8450012,1,1
8451485,1,1
845235394,1,1
8456261,1,1
8456747,1,1
8456998,1,1
8463836,1,1
846430,1,1
846639,1,1
8468576,1,1
8469572,0,0
846994672,1,1
84714,0,0
8472906,1,1
8473114,1,1
847368925,1,1
8476181,1,1
84766922,0,1
847684677,1,1
8478023,1,0
84783496,1,1
8478797,1,0
847967922,1,1
848017205,1,1
84863353,0,0
8490595,1,1
8495754,0,1
8499750,1,1
850166,1,1
850519,0,1
850606697,1,1
850608890,1,1
85133772,1,1
851411593,1,1
8514184,0,0
8516137,1,1
851662605,1,1
8517199,0,1
8518205,0,0
852150,1,0
8523011,1,1
85231939,0,1
852474,1,1
8525154,1,1
8527999,0,1
85285,1,0
853104,1,1
8532670,1,1
8542077,0,0
8542541,1,1
8542564,1,1
854275319,1,1
854536,1,1
8548505,1,1
854863990,1,0
854877353,1,0
855004,1,0
8552522,1,1
8553843,1,1
8554274,1,1
8554672,0,0
855739370,0,0
85574198,1,0
855890,1,1
855922,0,1
8559228,1,1
856037,1,0
856477164,1,0
85652,1,1
8567154,1,1
857185047,1,1
8572799,1,1
8573059,1,1
8573801,1,1
857410,1,0
8574195,0,1
8576519,1,1
857736239,1,0
857976,1,1
858020813,1,1
858048020,1,1
8580914,0,1
85830053,1,1
858348,1,1
8584673,1,1
85851477,1,0
8585418,1,1
858612329,1,0
8586290,1,1
8586555,1,1
8586745,1,1
8589196,1,0
858949693,0,1
859106488,1,1
859111313,0,1
8593808,1,1
8594613,0,1
859542,0,0
860066,1,1
8600871,0,1
860194,1,1
86025361,0,0
8604251,1,1
860454699,1,1
860487016,1,0
860506029,1,1
8606567,1,1
8606945,1,1
860752034,1,1
8609899,1,1
8610001,0,0
861276,1,1
861389,0,0
861625379,1,0
8617942,1,1
862374537,1,0
86243,1,1
8627159,1,1
862802,0,0
86288025,0,0
863345217,1,1
8633764,1,1
8634097,1,1
863535887,1,1
863699354,0,0
863750768,1,0
86385646,1,1
863968455,1,1
86398895,1,1
8646121,0,0
864819233,0,0
864892,1,1
864985858,1,1
8650522,0,0
865124042,0,1
865878376,1,1
866066624,1,1
86608,1,1
866142,1,1
8663109,1,0
8665032,1,1
866854,1,1
86691,1,1
8669171,0,0
8673721,1,1
867550031,1,1
867615592,1,1
86762,0,1
8676892,1,1
86772,1,1
867733529,1,0
867758,1,1
86812168,1,1
86888,1,1
86890962,1,1
8690275,0,0
86931032,0,0
869608176,1,1
8698097,1,0
8702361,1,1
870283,0,0
870356,0,0
87039202,1,1
870417538,1,0
870459,1,0
87072261,1,1
870787067,1,1
8715722,1,0
87166842,1,1
8722729,1,1
872369228,1,1
8724514,1,1
8726946,1,1
8728917,1,1
873203177,1,0
873712652,0,1
8737976,1,1
8743728,1,1
874386,1,1
8746725,1,1
8747155,1,1
874729,1,1
87491843,0,0
8750576,1,1
875339,1,1
8756982,1,1
875737,1,1
875778,1,1
875800765,0,0
8759001,1,0
8759409,1,1
8760798,0,0
8762047,1,1
8765095,1,1
8765495,1,1
876884265,0,1
8771947,0,1
8775056,1,1
877578144,0,0
8776515,1,1
877782034,1,0
8778505,1,1
878097927,1,1
878128035,1,1
878138756,1,1
87834854,1,1
878352900,1,0
878393727,1,1
878722966,1,0
879023,0,0
879076,1,1
8795495,0,1
8807939,1,1
881439721,1,1
881626,1,1
88257115,0,0
8827373,1,1
8828070,1,0
8829929,1,1
8831227,1,1
88322,1,1
883924104,0,0
883971,1,1
8843401,1,1
884347,1,1
8849596,1,1
8853057,1,0
8853199,1,1
8864929,1,1
8867296,1,1
8868874,1,1
887058,1,1
887140,0,1
8872955,1,0
8877859,1,1
8884356,1,1
88845148,1,1
888518,0,0
888757,1,1
890252,0,0
8903916,1,0
8904115,1,1
8907345,1,1
8909383,1,1
8911472,1,1
8911790,0,0
8915851,1,1
89158932,1,1
891882,0,1
8920400,1,1
89207,1,1
8922999,1,1
892405548,1,1
8924647,0,0
893009,1,1
893085917,1,1
8933663,1,0
893708,1,1
8941017,0,0
8946886,1,1
89477914,1,1
894983,1,1
8950630,1,1
8955329,1,1
895563,1,1
89613759,1,1
8963302,1,1
896356,0,0
8965194,1,1
8965764,1,1
8969156,1,1
8970131,1,1
8972679,0,1
8973510,1,1
8981953,1,1
8982995,0,0
8986487,1,1
898909,0,1
90077,0,0
90112,1,1
901406,1,1
903992,1,1
904046,1,1
904598,1,1
905117447,1,1
905193,1,1
9061,1,1
90699,1,1
90715,1,1
9071903,1,1
90735378,1,1
9077963,0,1
908152,1,1
908241,1,1
9086935,1,1
9087281,1,1
9090331,1,1
909429914,0,1
90977909,1,1
9097796,1,1
9098560,0,1
9098669,1,1
9099193,0,0
9102293,1,1
9107436,1,1
91075,1,1
9108133,1,1
91092898,1,1
9109488,1,0
911639783,0,1
911746,1,0
9125452,1,0
9126378,1,1
91265384,1,1
9127651,1,1
913070484,1,1
9130803,1,1
9134441,1,1
9141456,1,1
9141945,1,0
914365774,0,0
9148243,1,1
915051,1,1
9153778,1,1
9159199,1,1
9159906,1,0
9160160,1,1
9160366,1,1
916240,1,1
9164635,1,1
9173689,1,1
9175006,1,1
9175260,1,0
9176699,1,1
9177942,1,1
91814251,1,1
9189309,1,1
919034,1,1
9197043,1,1
91999,1,1
9201628,1,1
920498,1,1
920742672,1,1
9214,0,0
921446775,1,1
92190232,1,1
922000,1,1
9221897,1,1
9222635,1,1
9229126,1,1
9229694,1,1
9231314,1,0
923329920,1,1
92351721,0,0
9237109,1,1
9237526,1,1
924110,1,1
92425,1,1
9244396,1,1
9245707,1,1
9247655,1,0
9253822,0,1
925660559,1,1
92571962,1,1
9262823,1,1
9264821,1,1
926769766,1,1
9269153,1,1
9279126,0,0
9281108,1,1
9281607,1,1
928464,1,1
928500,1,1
928709,1,1
9301154,1,1
930339,0,0
9305419,1,1
9305883,1,1
930682,1,1
931009,1,1
9313098,1,0
9314662,0,1
9316106,1,1
9319105,0,1
93240731,1,1
9325951,1,1
9326101,1,1
9327622,1,0
93293639,1,1
9334103,1,1
9339641,1,0
934298334,1,1
9350838,1,1
9352307,0,0
935434009,1,1
935472,1,0
935730850,1,1
935771357,1,1
9357986,0,1
9358404,1,1
936290,0,0
936307,1,1
9364288,1,1
936579,1,1
9366731,1,1
9377865,1,0
9379084,1,1
9384060,1,0
9394943,1,1
9396729,1,1
9398166,0,1
94002454,1,1
940172,1,1
940693783,1,1
94153424,1,1
94154597,0,0
941771,1,1
94271929,1,0
9427964,1,0
94280706,1,0
9428715,1,1
94314,1,1
9431809,1,1
9442922,1,1
9444221,1,0
94495169,1,1
9450325,1,1
945236,1,1
9457248,1,1
9459025,1,1
94629,1,0
9464982,1,1
9468114,0,0
9469464,0,1
947167,1,1
9473618,1,1
94748,1,1
9475663,1,1
9483532,1,1
9491773,1,1
9492050,1,1
949292764,1,1
9496012,0,0
9499456,0,1
95061707,1,1
9514483,1,1
9518933,0,0
952562,1,1
9527680,1,1
9528785,1,1
9530979,1,0
953264065,1,0
95327733,1,1
9532877,0,0
9532892,1,1
9534845,1,1
9541743,1,1
9543351,1,0
9543608,1,1
9546073,1,1
954765,1,1
9548789,1,1
954994,0,0
9552376,1,1
955575,1,1
955990646,1,1
9563850,1,1
9564532,1,1
95675,0,0
956991,0,1
957154,0,0
9573093,0,0
9574192,1,1
95752270,1,1
9578651,1,1
95802242,0,0
9587161,0,1
958734,1,1
958815,1,1
9588567,1,1
9592916,1,0
9595830,0,1
95981,1,1
9602583,1,1
961496339,1,1
9623361,1,1
963392,1,1
9634453,1,1
963790,1,1
9640798,1,1
9642547,1,1
9647090,0,1
9647884,1,0
9650217,0,1
9650813,1,1
96513,1,1
96519,1,1
965198,1,0
9652,1,0
9653390,1,1
9653777,1,1
9654820,1,1
9655,1,0
9655998,1,1
9657008,1,1
966151092,1,1
9663523,1,1
966401,1,0
9665511,0,0
9665518,1,1
9669440,1,1
968055,1,1
968292767,0,0
968377,1,1
96848973,1,1
968684744,1,0
969193993,1,1
969424235,0,0
96991,1,1
970074,0,0
970113,1,0
9709984,1,1
971146,1,1
9722573,1,1
972302596,1,1
9723257,1,0
972358,0,0
9726164,1,1
9727629,1,1
9734,1,1
973608685,1,0
973877,1,1
974804,0,0
974828,1,1
97603,1,1
9766387,1,1
97666,1,0
977029032,1,1
9776930,1,1
97817815,0,1
9782742,1,1
978396,1,1
9790979,1,1
9794384,1,1
9795515,0,0
97963309,1,1
979843,1,1
979946416,1,1
9799922,1,1
9806027,1,1
981009,1,1
98125449,1,1
98238940,1,1
98250,1,1
98252075,1,1
982582,1,1
98304613,1,1
983332853,0,1
984423547,1,1
98451413,1,1
985173,1,1
9853147,1,1
98546172,1,1
98581708,1,1
98658,1,1
98658686,1,1
986765342,1,0
986797803,1,0
9870598,1,1
987172169,1,1
9884611,1,1
988963,1,1
9889753,0,0
989079,1,1
989930911,0,0
990540,0,0
991952655,1,1
99295326,1,0
993504480,1,1
9937,0,0
993802353,1,1
99461,1,1
995221,1,1
996106934,1,1
997221,0,0
997387,1,1
998496463,1,1
998583,1,0
998682,1,1
9990018,1,1
9991817,0,0
999463679,1,1
9995143,0,0
